1 1 1 2 3
2 1 2 3 4
3 1 3 4 5
4 1 4 5 6
5 1 5 6 7
6 1 6 7 8
7 1 7 8 9
8 1 8 9 10
9 1 9 10 11
10 1 10 11 12
11 1 11 12 13
12 1 12 13 14
13 1 13 14 15
14 1 14 15 16
15 1 15 16 17
16 1 16 17 18
17 1 17 18 19
18 1 18 19 20
19 1 19 20 21
20 1 1 3 4
21 1 2 4 5
22 1 3 5 6
23 1 4 6 7
24 1 5 7 8
25 1 6 8 9
26 1 7 9 10
27 1 8 10 11
28 1 9 11 12
29 1 10 12 13
30 1 11 13 14
31 1 12 14 15
32 1 13 15 16
33 1 14 16 17
34 1 15 17 18
35 1 16 18 19
36 1 17 19 20
37 1 18 20 21
38 1 1 4 5
39 1 2 5 6
40 1 3 6 7
41 1 4 7 8
42 1 5 8 9
43 1 6 9 10
44 1 7 10 11
45 1 8 11 12
46 1 9 12 13
47 1 10 13 14
48 1 11 14 15
49 1 12 15 16
50 1 13 16 17
51 1 14 17 18
52 1 15 18 19
53 1 16 19 20
54 1 17 20 21
55 1 1 5 6
56 1 2 6 7
57 1 3 7 8
58 1 4 8 9
59 1 5 9 10
60 1 6 10 11
61 1 7 11 12
62 1 8 12 13
63 1 9 13 14
64 1 10 14 15
65 1 11 15 16
66 1 12 16 17
67 1 13 17 18
68 1 14 18 19
69 1 15 19 20
70 1 16 20 21
71 1 1 6 7
72 1 2 7 8
73 1 3 8 9
74 1 4 9 10
75 1 5 10 11
76 1 6 11 12
77 1 7 12 13
78 1 8 13 14
79 1 9 14 15
80 1 10 15 16
81 1 11 16 17
82 1 12 17 18
83 1 13 18 19
84 1 14 19 20
85 1 15 20 21
86 1 1 7 8
87 1 2 8 9
88 1 3 9 10
89 1 4 10 11
90 1 5 11 12
91 1 6 12 13
92 1 7 13 14
93 1 8 14 15
94 1 9 15 16
95 1 10 16 17
96 1 11 17 18
97 1 12 18 19
98 1 13 19 20
99 1 14 20 21
100 1 1 8 9
101 1 2 9 10
102 1 3 10 11
103 1 4 11 12
104 1 5 12 13
105 1 6 13 14
106 1 7 14 15
107 1 8 15 16
108 1 9 16 17
109 1 10 17 18
110 1 11 18 19
111 1 12 19 20
112 1 13 20 21
113 1 1 9 10
114 1 2 10 11
115 1 3 11 12
116 1 4 12 13
117 1 5 13 14
118 1 6 14 15
119 1 7 15 16
120 1 8 16 17
121 1 9 17 18
122 1 10 18 19
123 1 11 19 20
124 1 12 20 21
125 1 1 10 11
126 1 2 11 12
127 1 3 12 13
128 1 4 13 14
129 1 5 14 15
130 1 6 15 16
131 1 7 16 17
132 1 8 17 18
133 1 9 18 19
134 1 10 19 20
135 1 11 20 21
136 1 1 11 12
137 1 2 12 13
138 1 3 13 14
139 1 4 14 15
140 1 5 15 16
141 1 6 16 17
142 1 7 17 18
143 1 8 18 19
144 1 9 19 20
145 1 10 20 21
146 1 1 12 13
147 1 2 13 14
148 1 3 14 15
149 1 4 15 16
150 1 5 16 17
151 1 6 17 18
152 1 7 18 19
153 1 8 19 20
154 1 9 20 21
155 1 1 13 14
156 1 2 14 15
157 1 3 15 16
158 1 4 16 17
159 1 5 17 18
160 1 6 18 19
161 1 7 19 20
162 1 8 20 21
163 1 1 14 15
164 1 2 15 16
165 1 3 16 17
166 1 4 17 18
167 1 5 18 19
168 1 6 19 20
169 1 7 20 21
170 1 1 15 16
171 1 2 16 17
172 1 3 17 18
173 1 4 18 19
174 1 5 19 20
175 1 6 20 21
176 1 1 16 17
177 1 2 17 18
178 1 3 18 19
179 1 4 19 20
180 1 5 20 21
181 1 1 17 18
182 1 2 18 19
183 1 3 19 20
184 1 4 20 21
185 1 1 18 19
186 1 2 19 20
187 1 3 20 21
188 1 1 19 20
189 1 2 20 21
190 1 1 20 21
191 1 1 3 5
192 1 2 4 6
193 1 3 5 7
194 1 4 6 8
195 1 5 7 9
196 1 6 8 10
197 1 7 9 11
198 1 8 10 12
199 1 9 11 13
200 1 10 12 14
201 1 11 13 15
202 1 12 14 16
203 1 13 15 17
204 1 14 16 18
205 1 15 17 19
206 1 16 18 20
207 1 17 19 21
208 1 1 5 7
209 1 2 6 8
210 1 3 7 9
211 1 4 8 10
212 1 5 9 11
213 1 6 10 12
214 1 7 11 13
215 1 8 12 14
216 1 9 13 15
217 1 10 14 16
218 1 11 15 17
219 1 12 16 18
220 1 13 17 19
221 1 14 18 20
222 1 15 19 21
223 1 1 7 9
224 1 2 8 10
225 1 3 9 11
226 1 4 10 12
227 1 5 11 13
228 1 6 12 14
229 1 7 13 15
230 1 8 14 16
231 1 9 15 17
232 1 10 16 18
233 1 11 17 19
234 1 12 18 20
235 1 13 19 21
236 1 1 9 11
237 1 2 10 12
238 1 3 11 13
239 1 4 12 14
240 1 5 13 15
241 1 6 14 16
242 1 7 15 17
243 1 8 16 18
244 1 9 17 19
245 1 10 18 20
246 1 11 19 21
247 1 1 11 13
248 1 2 12 14
249 1 3 13 15
250 1 4 14 16
251 1 5 15 17
252 1 6 16 18
253 1 7 17 19
254 1 8 18 20
255 1 9 19 21
256 1 1 13 15
257 1 2 14 16
258 1 3 15 17
259 1 4 16 18
260 1 5 17 19
261 1 6 18 20
262 1 7 19 21
263 1 1 15 17
264 1 2 16 18
265 1 3 17 19
266 1 4 18 20
267 1 5 19 21
268 1 1 17 19
269 1 2 18 20
270 1 3 19 21
271 1 1 19 21
272 1 1 4 7
273 1 2 5 8
274 1 3 6 9
275 1 4 7 10
276 1 5 8 11
277 1 6 9 12
278 1 7 10 13
279 1 8 11 14
280 1 9 12 15
281 1 10 13 16
282 1 11 14 17
283 1 12 15 18
284 1 13 16 19
285 1 14 17 20
286 1 15 18 21
287 1 1 7 10
288 1 2 8 11
289 1 3 9 12
290 1 4 10 13
291 1 5 11 14
292 1 6 12 15
293 1 7 13 16
294 1 8 14 17
295 1 9 15 18
296 1 10 16 19
297 1 11 17 20
298 1 12 18 21
299 1 1 10 13
300 1 2 11 14
301 1 3 12 15
302 1 4 13 16
303 1 5 14 17
304 1 6 15 18
305 1 7 16 19
306 1 8 17 20
307 1 9 18 21
308 1 1 13 16
309 1 2 14 17
310 1 3 15 18
311 1 4 16 19
312 1 5 17 20
313 1 6 18 21
314 1 1 16 19
315 1 2 17 20
316 1 3 18 21
317 1 1 5 9
318 1 2 6 10
319 1 3 7 11
320 1 4 8 12
321 1 5 9 13
322 1 6 10 14
323 1 7 11 15
324 1 8 12 16
325 1 9 13 17
326 1 10 14 18
327 1 11 15 19
328 1 12 16 20
329 1 13 17 21
330 1 1 9 13
331 1 2 10 14
332 1 3 11 15
333 1 4 12 16
334 1 5 13 17
335 1 6 14 18
336 1 7 15 19
337 1 8 16 20
338 1 9 17 21
339 1 1 13 17
340 1 2 14 18
341 1 3 15 19
342 1 4 16 20
343 1 5 17 21
344 1 1 17 21
345 1 1 6 11
346 1 2 7 12
347 1 3 8 13
348 1 4 9 14
349 1 5 10 15
350 1 6 11 16
351 1 7 12 17
352 1 8 13 18
353 1 9 14 19
354 1 10 15 20
355 1 11 16 21
356 1 1 11 16
357 1 2 12 17
358 1 3 13 18
359 1 4 14 19
360 1 5 15 20
361 1 6 16 21
362 1 1 16 21
363 1 1 7 13
364 1 2 8 14
365 1 3 9 15
366 1 4 10 16
367 1 5 11 17
368 1 6 12 18
369 1 7 13 19
370 1 8 14 20
371 1 9 15 21
372 1 1 13 19
373 1 2 14 20
374 1 3 15 21
375 1 1 8 15
376 1 2 9 16
377 1 3 10 17
378 1 4 11 18
379 1 5 12 19
380 1 6 13 20
381 1 7 14 21
382 1 1 9 17
383 1 2 10 18
384 1 3 11 19
385 1 4 12 20
386 1 5 13 21
387 1 1 10 19
388 1 2 11 20
389 1 3 12 21
390 1 1 11 21
391 1 22 23 24
392 1 23 24 25
393 1 24 25 26
394 1 25 26 27
395 1 26 27 28
396 1 27 28 29
397 1 28 29 30
398 1 29 30 31
399 1 30 31 32
400 1 31 32 33
401 1 32 33 34
402 1 33 34 35
403 1 34 35 36
404 1 35 36 37
405 1 36 37 38
406 1 37 38 39
407 1 38 39 40
408 1 39 40 41
409 1 40 41 42
410 1 22 24 25
411 1 23 25 26
412 1 24 26 27
413 1 25 27 28
414 1 26 28 29
415 1 27 29 30
416 1 28 30 31
417 1 29 31 32
418 1 30 32 33
419 1 31 33 34
420 1 32 34 35
421 1 33 35 36
422 1 34 36 37
423 1 35 37 38
424 1 36 38 39
425 1 37 39 40
426 1 38 40 41
427 1 39 41 42
428 1 22 25 26
429 1 23 26 27
430 1 24 27 28
431 1 25 28 29
432 1 26 29 30
433 1 27 30 31
434 1 28 31 32
435 1 29 32 33
436 1 30 33 34
437 1 31 34 35
438 1 32 35 36
439 1 33 36 37
440 1 34 37 38
441 1 35 38 39
442 1 36 39 40
443 1 37 40 41
444 1 38 41 42
445 1 22 26 27
446 1 23 27 28
447 1 24 28 29
448 1 25 29 30
449 1 26 30 31
450 1 27 31 32
451 1 28 32 33
452 1 29 33 34
453 1 30 34 35
454 1 31 35 36
455 1 32 36 37
456 1 33 37 38
457 1 34 38 39
458 1 35 39 40
459 1 36 40 41
460 1 37 41 42
461 1 22 27 28
462 1 23 28 29
463 1 24 29 30
464 1 25 30 31
465 1 26 31 32
466 1 27 32 33
467 1 28 33 34
468 1 29 34 35
469 1 30 35 36
470 1 31 36 37
471 1 32 37 38
472 1 33 38 39
473 1 34 39 40
474 1 35 40 41
475 1 36 41 42
476 1 22 28 29
477 1 23 29 30
478 1 24 30 31
479 1 25 31 32
480 1 26 32 33
481 1 27 33 34
482 1 28 34 35
483 1 29 35 36
484 1 30 36 37
485 1 31 37 38
486 1 32 38 39
487 1 33 39 40
488 1 34 40 41
489 1 35 41 42
490 1 22 29 30
491 1 23 30 31
492 1 24 31 32
493 1 25 32 33
494 1 26 33 34
495 1 27 34 35
496 1 28 35 36
497 1 29 36 37
498 1 30 37 38
499 1 31 38 39
500 1 32 39 40
501 1 33 40 41
502 1 34 41 42
503 1 22 30 31
504 1 23 31 32
505 1 24 32 33
506 1 25 33 34
507 1 26 34 35
508 1 27 35 36
509 1 28 36 37
510 1 29 37 38
511 1 30 38 39
512 1 31 39 40
513 1 32 40 41
514 1 33 41 42
515 1 22 31 32
516 1 23 32 33
517 1 24 33 34
518 1 25 34 35
519 1 26 35 36
520 1 27 36 37
521 1 28 37 38
522 1 29 38 39
523 1 30 39 40
524 1 31 40 41
525 1 32 41 42
526 1 22 32 33
527 1 23 33 34
528 1 24 34 35
529 1 25 35 36
530 1 26 36 37
531 1 27 37 38
532 1 28 38 39
533 1 29 39 40
534 1 30 40 41
535 1 31 41 42
536 1 22 33 34
537 1 23 34 35
538 1 24 35 36
539 1 25 36 37
540 1 26 37 38
541 1 27 38 39
542 1 28 39 40
543 1 29 40 41
544 1 30 41 42
545 1 22 34 35
546 1 23 35 36
547 1 24 36 37
548 1 25 37 38
549 1 26 38 39
550 1 27 39 40
551 1 28 40 41
552 1 29 41 42
553 1 22 35 36
554 1 23 36 37
555 1 24 37 38
556 1 25 38 39
557 1 26 39 40
558 1 27 40 41
559 1 28 41 42
560 1 22 36 37
561 1 23 37 38
562 1 24 38 39
563 1 25 39 40
564 1 26 40 41
565 1 27 41 42
566 1 22 37 38
567 1 23 38 39
568 1 24 39 40
569 1 25 40 41
570 1 26 41 42
571 1 22 38 39
572 1 23 39 40
573 1 24 40 41
574 1 25 41 42
575 1 22 39 40
576 1 23 40 41
577 1 24 41 42
578 1 22 40 41
579 1 23 41 42
580 1 22 41 42
581 1 22 24 26
582 1 23 25 27
583 1 24 26 28
584 1 25 27 29
585 1 26 28 30
586 1 27 29 31
587 1 28 30 32
588 1 29 31 33
589 1 30 32 34
590 1 31 33 35
591 1 32 34 36
592 1 33 35 37
593 1 34 36 38
594 1 35 37 39
595 1 36 38 40
596 1 37 39 41
597 1 38 40 42
598 1 22 26 28
599 1 23 27 29
600 1 24 28 30
601 1 25 29 31
602 1 26 30 32
603 1 27 31 33
604 1 28 32 34
605 1 29 33 35
606 1 30 34 36
607 1 31 35 37
608 1 32 36 38
609 1 33 37 39
610 1 34 38 40
611 1 35 39 41
612 1 36 40 42
613 1 22 28 30
614 1 23 29 31
615 1 24 30 32
616 1 25 31 33
617 1 26 32 34
618 1 27 33 35
619 1 28 34 36
620 1 29 35 37
621 1 30 36 38
622 1 31 37 39
623 1 32 38 40
624 1 33 39 41
625 1 34 40 42
626 1 22 30 32
627 1 23 31 33
628 1 24 32 34
629 1 25 33 35
630 1 26 34 36
631 1 27 35 37
632 1 28 36 38
633 1 29 37 39
634 1 30 38 40
635 1 31 39 41
636 1 32 40 42
637 1 22 32 34
638 1 23 33 35
639 1 24 34 36
640 1 25 35 37
641 1 26 36 38
642 1 27 37 39
643 1 28 38 40
644 1 29 39 41
645 1 30 40 42
646 1 22 34 36
647 1 23 35 37
648 1 24 36 38
649 1 25 37 39
650 1 26 38 40
651 1 27 39 41
652 1 28 40 42
653 1 22 36 38
654 1 23 37 39
655 1 24 38 40
656 1 25 39 41
657 1 26 40 42
658 1 22 38 40
659 1 23 39 41
660 1 24 40 42
661 1 22 40 42
662 1 22 25 28
663 1 23 26 29
664 1 24 27 30
665 1 25 28 31
666 1 26 29 32
667 1 27 30 33
668 1 28 31 34
669 1 29 32 35
670 1 30 33 36
671 1 31 34 37
672 1 32 35 38
673 1 33 36 39
674 1 34 37 40
675 1 35 38 41
676 1 36 39 42
677 1 22 28 31
678 1 23 29 32
679 1 24 30 33
680 1 25 31 34
681 1 26 32 35
682 1 27 33 36
683 1 28 34 37
684 1 29 35 38
685 1 30 36 39
686 1 31 37 40
687 1 32 38 41
688 1 33 39 42
689 1 22 31 34
690 1 23 32 35
691 1 24 33 36
692 1 25 34 37
693 1 26 35 38
694 1 27 36 39
695 1 28 37 40
696 1 29 38 41
697 1 30 39 42
698 1 22 34 37
699 1 23 35 38
700 1 24 36 39
701 1 25 37 40
702 1 26 38 41
703 1 27 39 42
704 1 22 37 40
705 1 23 38 41
706 1 24 39 42
707 1 22 26 30
708 1 23 27 31
709 1 24 28 32
710 1 25 29 33
711 1 26 30 34
712 1 27 31 35
713 1 28 32 36
714 1 29 33 37
715 1 30 34 38
716 1 31 35 39
717 1 32 36 40
718 1 33 37 41
719 1 34 38 42
720 1 22 30 34
721 1 23 31 35
722 1 24 32 36
723 1 25 33 37
724 1 26 34 38
725 1 27 35 39
726 1 28 36 40
727 1 29 37 41
728 1 30 38 42
729 1 22 34 38
730 1 23 35 39
731 1 24 36 40
732 1 25 37 41
733 1 26 38 42
734 1 22 38 42
735 1 22 27 32
736 1 23 28 33
737 1 24 29 34
738 1 25 30 35
739 1 26 31 36
740 1 27 32 37
741 1 28 33 38
742 1 29 34 39
743 1 30 35 40
744 1 31 36 41
745 1 32 37 42
746 1 22 32 37
747 1 23 33 38
748 1 24 34 39
749 1 25 35 40
750 1 26 36 41
751 1 27 37 42
752 1 22 37 42
753 1 22 28 34
754 1 23 29 35
755 1 24 30 36
756 1 25 31 37
757 1 26 32 38
758 1 27 33 39
759 1 28 34 40
760 1 29 35 41
761 1 30 36 42
762 1 22 34 40
763 1 23 35 41
764 1 24 36 42
765 1 22 29 36
766 1 23 30 37
767 1 24 31 38
768 1 25 32 39
769 1 26 33 40
770 1 27 34 41
771 1 28 35 42
772 1 22 30 38
773 1 23 31 39
774 1 24 32 40
775 1 25 33 41
776 1 26 34 42
777 1 22 31 40
778 1 23 32 41
779 1 24 33 42
780 1 22 32 42
781 1 43 44 45
782 1 44 45 46
783 1 45 46 47
784 1 46 47 48
785 1 47 48 49
786 1 48 49 50
787 1 49 50 51
788 1 50 51 52
789 1 51 52 53
790 1 52 53 54
791 1 53 54 55
792 1 54 55 56
793 1 55 56 57
794 1 56 57 58
795 1 57 58 59
796 1 58 59 60
797 1 59 60 61
798 1 60 61 62
799 1 61 62 63
800 1 43 45 46
801 1 44 46 47
802 1 45 47 48
803 1 46 48 49
804 1 47 49 50
805 1 48 50 51
806 1 49 51 52
807 1 50 52 53
808 1 51 53 54
809 1 52 54 55
810 1 53 55 56
811 1 54 56 57
812 1 55 57 58
813 1 56 58 59
814 1 57 59 60
815 1 58 60 61
816 1 59 61 62
817 1 60 62 63
818 1 43 46 47
819 1 44 47 48
820 1 45 48 49
821 1 46 49 50
822 1 47 50 51
823 1 48 51 52
824 1 49 52 53
825 1 50 53 54
826 1 51 54 55
827 1 52 55 56
828 1 53 56 57
829 1 54 57 58
830 1 55 58 59
831 1 56 59 60
832 1 57 60 61
833 1 58 61 62
834 1 59 62 63
835 1 43 47 48
836 1 44 48 49
837 1 45 49 50
838 1 46 50 51
839 1 47 51 52
840 1 48 52 53
841 1 49 53 54
842 1 50 54 55
843 1 51 55 56
844 1 52 56 57
845 1 53 57 58
846 1 54 58 59
847 1 55 59 60
848 1 56 60 61
849 1 57 61 62
850 1 58 62 63
851 1 43 48 49
852 1 44 49 50
853 1 45 50 51
854 1 46 51 52
855 1 47 52 53
856 1 48 53 54
857 1 49 54 55
858 1 50 55 56
859 1 51 56 57
860 1 52 57 58
861 1 53 58 59
862 1 54 59 60
863 1 55 60 61
864 1 56 61 62
865 1 57 62 63
866 1 43 49 50
867 1 44 50 51
868 1 45 51 52
869 1 46 52 53
870 1 47 53 54
871 1 48 54 55
872 1 49 55 56
873 1 50 56 57
874 1 51 57 58
875 1 52 58 59
876 1 53 59 60
877 1 54 60 61
878 1 55 61 62
879 1 56 62 63
880 1 43 50 51
881 1 44 51 52
882 1 45 52 53
883 1 46 53 54
884 1 47 54 55
885 1 48 55 56
886 1 49 56 57
887 1 50 57 58
888 1 51 58 59
889 1 52 59 60
890 1 53 60 61
891 1 54 61 62
892 1 55 62 63
893 1 43 51 52
894 1 44 52 53
895 1 45 53 54
896 1 46 54 55
897 1 47 55 56
898 1 48 56 57
899 1 49 57 58
900 1 50 58 59
901 1 51 59 60
902 1 52 60 61
903 1 53 61 62
904 1 54 62 63
905 1 43 52 53
906 1 44 53 54
907 1 45 54 55
908 1 46 55 56
909 1 47 56 57
910 1 48 57 58
911 1 49 58 59
912 1 50 59 60
913 1 51 60 61
914 1 52 61 62
915 1 53 62 63
916 1 43 53 54
917 1 44 54 55
918 1 45 55 56
919 1 46 56 57
920 1 47 57 58
921 1 48 58 59
922 1 49 59 60
923 1 50 60 61
924 1 51 61 62
925 1 52 62 63
926 1 43 54 55
927 1 44 55 56
928 1 45 56 57
929 1 46 57 58
930 1 47 58 59
931 1 48 59 60
932 1 49 60 61
933 1 50 61 62
934 1 51 62 63
935 1 43 55 56
936 1 44 56 57
937 1 45 57 58
938 1 46 58 59
939 1 47 59 60
940 1 48 60 61
941 1 49 61 62
942 1 50 62 63
943 1 43 56 57
944 1 44 57 58
945 1 45 58 59
946 1 46 59 60
947 1 47 60 61
948 1 48 61 62
949 1 49 62 63
950 1 43 57 58
951 1 44 58 59
952 1 45 59 60
953 1 46 60 61
954 1 47 61 62
955 1 48 62 63
956 1 43 58 59
957 1 44 59 60
958 1 45 60 61
959 1 46 61 62
960 1 47 62 63
961 1 43 59 60
962 1 44 60 61
963 1 45 61 62
964 1 46 62 63
965 1 43 60 61
966 1 44 61 62
967 1 45 62 63
968 1 43 61 62
969 1 44 62 63
970 1 43 62 63
971 1 43 45 47
972 1 44 46 48
973 1 45 47 49
974 1 46 48 50
975 1 47 49 51
976 1 48 50 52
977 1 49 51 53
978 1 50 52 54
979 1 51 53 55
980 1 52 54 56
981 1 53 55 57
982 1 54 56 58
983 1 55 57 59
984 1 56 58 60
985 1 57 59 61
986 1 58 60 62
987 1 59 61 63
988 1 43 47 49
989 1 44 48 50
990 1 45 49 51
991 1 46 50 52
992 1 47 51 53
993 1 48 52 54
994 1 49 53 55
995 1 50 54 56
996 1 51 55 57
997 1 52 56 58
998 1 53 57 59
999 1 54 58 60
1000 1 55 59 61
1001 1 56 60 62
1002 1 57 61 63
1003 1 43 49 51
1004 1 44 50 52
1005 1 45 51 53
1006 1 46 52 54
1007 1 47 53 55
1008 1 48 54 56
1009 1 49 55 57
1010 1 50 56 58
1011 1 51 57 59
1012 1 52 58 60
1013 1 53 59 61
1014 1 54 60 62
1015 1 55 61 63
1016 1 43 51 53
1017 1 44 52 54
1018 1 45 53 55
1019 1 46 54 56
1020 1 47 55 57
1021 1 48 56 58
1022 1 49 57 59
1023 1 50 58 60
1024 1 51 59 61
1025 1 52 60 62
1026 1 53 61 63
1027 1 43 53 55
1028 1 44 54 56
1029 1 45 55 57
1030 1 46 56 58
1031 1 47 57 59
1032 1 48 58 60
1033 1 49 59 61
1034 1 50 60 62
1035 1 51 61 63
1036 1 43 55 57
1037 1 44 56 58
1038 1 45 57 59
1039 1 46 58 60
1040 1 47 59 61
1041 1 48 60 62
1042 1 49 61 63
1043 1 43 57 59
1044 1 44 58 60
1045 1 45 59 61
1046 1 46 60 62
1047 1 47 61 63
1048 1 43 59 61
1049 1 44 60 62
1050 1 45 61 63
1051 1 43 61 63
1052 1 43 46 49
1053 1 44 47 50
1054 1 45 48 51
1055 1 46 49 52
1056 1 47 50 53
1057 1 48 51 54
1058 1 49 52 55
1059 1 50 53 56
1060 1 51 54 57
1061 1 52 55 58
1062 1 53 56 59
1063 1 54 57 60
1064 1 55 58 61
1065 1 56 59 62
1066 1 57 60 63
1067 1 43 49 52
1068 1 44 50 53
1069 1 45 51 54
1070 1 46 52 55
1071 1 47 53 56
1072 1 48 54 57
1073 1 49 55 58
1074 1 50 56 59
1075 1 51 57 60
1076 1 52 58 61
1077 1 53 59 62
1078 1 54 60 63
1079 1 43 52 55
1080 1 44 53 56
1081 1 45 54 57
1082 1 46 55 58
1083 1 47 56 59
1084 1 48 57 60
1085 1 49 58 61
1086 1 50 59 62
1087 1 51 60 63
1088 1 43 55 58
1089 1 44 56 59
1090 1 45 57 60
1091 1 46 58 61
1092 1 47 59 62
1093 1 48 60 63
1094 1 43 58 61
1095 1 44 59 62
1096 1 45 60 63
1097 1 43 47 51
1098 1 44 48 52
1099 1 45 49 53
1100 1 46 50 54
1101 1 47 51 55
1102 1 48 52 56
1103 1 49 53 57
1104 1 50 54 58
1105 1 51 55 59
1106 1 52 56 60
1107 1 53 57 61
1108 1 54 58 62
1109 1 55 59 63
1110 1 43 51 55
1111 1 44 52 56
1112 1 45 53 57
1113 1 46 54 58
1114 1 47 55 59
1115 1 48 56 60
1116 1 49 57 61
1117 1 50 58 62
1118 1 51 59 63
1119 1 43 55 59
1120 1 44 56 60
1121 1 45 57 61
1122 1 46 58 62
1123 1 47 59 63
1124 1 43 59 63
1125 1 43 48 53
1126 1 44 49 54
1127 1 45 50 55
1128 1 46 51 56
1129 1 47 52 57
1130 1 48 53 58
1131 1 49 54 59
1132 1 50 55 60
1133 1 51 56 61
1134 1 52 57 62
1135 1 53 58 63
1136 1 43 53 58
1137 1 44 54 59
1138 1 45 55 60
1139 1 46 56 61
1140 1 47 57 62
1141 1 48 58 63
1142 1 43 58 63
1143 1 43 49 55
1144 1 44 50 56
1145 1 45 51 57
1146 1 46 52 58
1147 1 47 53 59
1148 1 48 54 60
1149 1 49 55 61
1150 1 50 56 62
1151 1 51 57 63
1152 1 43 55 61
1153 1 44 56 62
1154 1 45 57 63
1155 1 43 50 57
1156 1 44 51 58
1157 1 45 52 59
1158 1 46 53 60
1159 1 47 54 61
1160 1 48 55 62
1161 1 49 56 63
1162 1 43 51 59
1163 1 44 52 60
1164 1 45 53 61
1165 1 46 54 62
1166 1 47 55 63
1167 1 43 52 61
1168 1 44 53 62
1169 1 45 54 63
1170 1 43 53 63
1171 1 64 65 66
1172 1 65 66 67
1173 1 66 67 68
1174 1 67 68 69
1175 1 68 69 70
1176 1 69 70 71
1177 1 70 71 72
1178 1 71 72 73
1179 1 72 73 74
1180 1 73 74 75
1181 1 74 75 76
1182 1 75 76 77
1183 1 76 77 78
1184 1 77 78 79
1185 1 78 79 80
1186 1 79 80 81
1187 1 80 81 82
1188 1 81 82 83
1189 1 82 83 84
1190 1 64 66 67
1191 1 65 67 68
1192 1 66 68 69
1193 1 67 69 70
1194 1 68 70 71
1195 1 69 71 72
1196 1 70 72 73
1197 1 71 73 74
1198 1 72 74 75
1199 1 73 75 76
1200 1 74 76 77
1201 1 75 77 78
1202 1 76 78 79
1203 1 77 79 80
1204 1 78 80 81
1205 1 79 81 82
1206 1 80 82 83
1207 1 81 83 84
1208 1 64 67 68
1209 1 65 68 69
1210 1 66 69 70
1211 1 67 70 71
1212 1 68 71 72
1213 1 69 72 73
1214 1 70 73 74
1215 1 71 74 75
1216 1 72 75 76
1217 1 73 76 77
1218 1 74 77 78
1219 1 75 78 79
1220 1 76 79 80
1221 1 77 80 81
1222 1 78 81 82
1223 1 79 82 83
1224 1 80 83 84
1225 1 64 68 69
1226 1 65 69 70
1227 1 66 70 71
1228 1 67 71 72
1229 1 68 72 73
1230 1 69 73 74
1231 1 70 74 75
1232 1 71 75 76
1233 1 72 76 77
1234 1 73 77 78
1235 1 74 78 79
1236 1 75 79 80
1237 1 76 80 81
1238 1 77 81 82
1239 1 78 82 83
1240 1 79 83 84
1241 1 64 69 70
1242 1 65 70 71
1243 1 66 71 72
1244 1 67 72 73
1245 1 68 73 74
1246 1 69 74 75
1247 1 70 75 76
1248 1 71 76 77
1249 1 72 77 78
1250 1 73 78 79
1251 1 74 79 80
1252 1 75 80 81
1253 1 76 81 82
1254 1 77 82 83
1255 1 78 83 84
1256 1 64 70 71
1257 1 65 71 72
1258 1 66 72 73
1259 1 67 73 74
1260 1 68 74 75
1261 1 69 75 76
1262 1 70 76 77
1263 1 71 77 78
1264 1 72 78 79
1265 1 73 79 80
1266 1 74 80 81
1267 1 75 81 82
1268 1 76 82 83
1269 1 77 83 84
1270 1 64 71 72
1271 1 65 72 73
1272 1 66 73 74
1273 1 67 74 75
1274 1 68 75 76
1275 1 69 76 77
1276 1 70 77 78
1277 1 71 78 79
1278 1 72 79 80
1279 1 73 80 81
1280 1 74 81 82
1281 1 75 82 83
1282 1 76 83 84
1283 1 64 72 73
1284 1 65 73 74
1285 1 66 74 75
1286 1 67 75 76
1287 1 68 76 77
1288 1 69 77 78
1289 1 70 78 79
1290 1 71 79 80
1291 1 72 80 81
1292 1 73 81 82
1293 1 74 82 83
1294 1 75 83 84
1295 1 64 73 74
1296 1 65 74 75
1297 1 66 75 76
1298 1 67 76 77
1299 1 68 77 78
1300 1 69 78 79
1301 1 70 79 80
1302 1 71 80 81
1303 1 72 81 82
1304 1 73 82 83
1305 1 74 83 84
1306 1 64 74 75
1307 1 65 75 76
1308 1 66 76 77
1309 1 67 77 78
1310 1 68 78 79
1311 1 69 79 80
1312 1 70 80 81
1313 1 71 81 82
1314 1 72 82 83
1315 1 73 83 84
1316 1 64 75 76
1317 1 65 76 77
1318 1 66 77 78
1319 1 67 78 79
1320 1 68 79 80
1321 1 69 80 81
1322 1 70 81 82
1323 1 71 82 83
1324 1 72 83 84
1325 1 64 76 77
1326 1 65 77 78
1327 1 66 78 79
1328 1 67 79 80
1329 1 68 80 81
1330 1 69 81 82
1331 1 70 82 83
1332 1 71 83 84
1333 1 64 77 78
1334 1 65 78 79
1335 1 66 79 80
1336 1 67 80 81
1337 1 68 81 82
1338 1 69 82 83
1339 1 70 83 84
1340 1 64 78 79
1341 1 65 79 80
1342 1 66 80 81
1343 1 67 81 82
1344 1 68 82 83
1345 1 69 83 84
1346 1 64 79 80
1347 1 65 80 81
1348 1 66 81 82
1349 1 67 82 83
1350 1 68 83 84
1351 1 64 80 81
1352 1 65 81 82
1353 1 66 82 83
1354 1 67 83 84
1355 1 64 81 82
1356 1 65 82 83
1357 1 66 83 84
1358 1 64 82 83
1359 1 65 83 84
1360 1 64 83 84
1361 1 64 66 68
1362 1 65 67 69
1363 1 66 68 70
1364 1 67 69 71
1365 1 68 70 72
1366 1 69 71 73
1367 1 70 72 74
1368 1 71 73 75
1369 1 72 74 76
1370 1 73 75 77
1371 1 74 76 78
1372 1 75 77 79
1373 1 76 78 80
1374 1 77 79 81
1375 1 78 80 82
1376 1 79 81 83
1377 1 80 82 84
1378 1 64 68 70
1379 1 65 69 71
1380 1 66 70 72
1381 1 67 71 73
1382 1 68 72 74
1383 1 69 73 75
1384 1 70 74 76
1385 1 71 75 77
1386 1 72 76 78
1387 1 73 77 79
1388 1 74 78 80
1389 1 75 79 81
1390 1 76 80 82
1391 1 77 81 83
1392 1 78 82 84
1393 1 64 70 72
1394 1 65 71 73
1395 1 66 72 74
1396 1 67 73 75
1397 1 68 74 76
1398 1 69 75 77
1399 1 70 76 78
1400 1 71 77 79
1401 1 72 78 80
1402 1 73 79 81
1403 1 74 80 82
1404 1 75 81 83
1405 1 76 82 84
1406 1 64 72 74
1407 1 65 73 75
1408 1 66 74 76
1409 1 67 75 77
1410 1 68 76 78
1411 1 69 77 79
1412 1 70 78 80
1413 1 71 79 81
1414 1 72 80 82
1415 1 73 81 83
1416 1 74 82 84
1417 1 64 74 76
1418 1 65 75 77
1419 1 66 76 78
1420 1 67 77 79
1421 1 68 78 80
1422 1 69 79 81
1423 1 70 80 82
1424 1 71 81 83
1425 1 72 82 84
1426 1 64 76 78
1427 1 65 77 79
1428 1 66 78 80
1429 1 67 79 81
1430 1 68 80 82
1431 1 69 81 83
1432 1 70 82 84
1433 1 64 78 80
1434 1 65 79 81
1435 1 66 80 82
1436 1 67 81 83
1437 1 68 82 84
1438 1 64 80 82
1439 1 65 81 83
1440 1 66 82 84
1441 1 64 82 84
1442 1 64 67 70
1443 1 65 68 71
1444 1 66 69 72
1445 1 67 70 73
1446 1 68 71 74
1447 1 69 72 75
1448 1 70 73 76
1449 1 71 74 77
1450 1 72 75 78
1451 1 73 76 79
1452 1 74 77 80
1453 1 75 78 81
1454 1 76 79 82
1455 1 77 80 83
1456 1 78 81 84
1457 1 64 70 73
1458 1 65 71 74
1459 1 66 72 75
1460 1 67 73 76
1461 1 68 74 77
1462 1 69 75 78
1463 1 70 76 79
1464 1 71 77 80
1465 1 72 78 81
1466 1 73 79 82
1467 1 74 80 83
1468 1 75 81 84
1469 1 64 73 76
1470 1 65 74 77
1471 1 66 75 78
1472 1 67 76 79
1473 1 68 77 80
1474 1 69 78 81
1475 1 70 79 82
1476 1 71 80 83
1477 1 72 81 84
1478 1 64 76 79
1479 1 65 77 80
1480 1 66 78 81
1481 1 67 79 82
1482 1 68 80 83
1483 1 69 81 84
1484 1 64 79 82
1485 1 65 80 83
1486 1 66 81 84
1487 1 64 68 72
1488 1 65 69 73
1489 1 66 70 74
1490 1 67 71 75
1491 1 68 72 76
1492 1 69 73 77
1493 1 70 74 78
1494 1 71 75 79
1495 1 72 76 80
1496 1 73 77 81
1497 1 74 78 82
1498 1 75 79 83
1499 1 76 80 84
1500 1 64 72 76
1501 1 65 73 77
1502 1 66 74 78
1503 1 67 75 79
1504 1 68 76 80
1505 1 69 77 81
1506 1 70 78 82
1507 1 71 79 83
1508 1 72 80 84
1509 1 64 76 80
1510 1 65 77 81
1511 1 66 78 82
1512 1 67 79 83
1513 1 68 80 84
1514 1 64 80 84
1515 1 64 69 74
1516 1 65 70 75
1517 1 66 71 76
1518 1 67 72 77
1519 1 68 73 78
1520 1 69 74 79
1521 1 70 75 80
1522 1 71 76 81
1523 1 72 77 82
1524 1 73 78 83
1525 1 74 79 84
1526 1 64 74 79
1527 1 65 75 80
1528 1 66 76 81
1529 1 67 77 82
1530 1 68 78 83
1531 1 69 79 84
1532 1 64 79 84
1533 1 64 70 76
1534 1 65 71 77
1535 1 66 72 78
1536 1 67 73 79
1537 1 68 74 80
1538 1 69 75 81
1539 1 70 76 82
1540 1 71 77 83
1541 1 72 78 84
1542 1 64 76 82
1543 1 65 77 83
1544 1 66 78 84
1545 1 64 71 78
1546 1 65 72 79
1547 1 66 73 80
1548 1 67 74 81
1549 1 68 75 82
1550 1 69 76 83
1551 1 70 77 84
1552 1 64 72 80
1553 1 65 73 81
1554 1 66 74 82
1555 1 67 75 83
1556 1 68 76 84
1557 1 64 73 82
1558 1 65 74 83
1559 1 66 75 84
1560 1 64 74 84
1561 1 85 86 87
1562 1 86 87 88
1563 1 87 88 89
1564 1 88 89 90
1565 1 89 90 91
1566 1 90 91 92
1567 1 91 92 93
1568 1 92 93 94
1569 1 93 94 95
1570 1 94 95 96
1571 1 95 96 97
1572 1 96 97 98
1573 1 97 98 99
1574 1 98 99 100
1575 1 99 100 101
1576 1 100 101 102
1577 1 101 102 103
1578 1 102 103 104
1579 1 103 104 105
1580 1 85 87 88
1581 1 86 88 89
1582 1 87 89 90
1583 1 88 90 91
1584 1 89 91 92
1585 1 90 92 93
1586 1 91 93 94
1587 1 92 94 95
1588 1 93 95 96
1589 1 94 96 97
1590 1 95 97 98
1591 1 96 98 99
1592 1 97 99 100
1593 1 98 100 101
1594 1 99 101 102
1595 1 100 102 103
1596 1 101 103 104
1597 1 102 104 105
1598 1 85 88 89
1599 1 86 89 90
1600 1 87 90 91
1601 1 88 91 92
1602 1 89 92 93
1603 1 90 93 94
1604 1 91 94 95
1605 1 92 95 96
1606 1 93 96 97
1607 1 94 97 98
1608 1 95 98 99
1609 1 96 99 100
1610 1 97 100 101
1611 1 98 101 102
1612 1 99 102 103
1613 1 100 103 104
1614 1 101 104 105
1615 1 85 89 90
1616 1 86 90 91
1617 1 87 91 92
1618 1 88 92 93
1619 1 89 93 94
1620 1 90 94 95
1621 1 91 95 96
1622 1 92 96 97
1623 1 93 97 98
1624 1 94 98 99
1625 1 95 99 100
1626 1 96 100 101
1627 1 97 101 102
1628 1 98 102 103
1629 1 99 103 104
1630 1 100 104 105
1631 1 85 90 91
1632 1 86 91 92
1633 1 87 92 93
1634 1 88 93 94
1635 1 89 94 95
1636 1 90 95 96
1637 1 91 96 97
1638 1 92 97 98
1639 1 93 98 99
1640 1 94 99 100
1641 1 95 100 101
1642 1 96 101 102
1643 1 97 102 103
1644 1 98 103 104
1645 1 99 104 105
1646 1 85 91 92
1647 1 86 92 93
1648 1 87 93 94
1649 1 88 94 95
1650 1 89 95 96
1651 1 90 96 97
1652 1 91 97 98
1653 1 92 98 99
1654 1 93 99 100
1655 1 94 100 101
1656 1 95 101 102
1657 1 96 102 103
1658 1 97 103 104
1659 1 98 104 105
1660 1 85 92 93
1661 1 86 93 94
1662 1 87 94 95
1663 1 88 95 96
1664 1 89 96 97
1665 1 90 97 98
1666 1 91 98 99
1667 1 92 99 100
1668 1 93 100 101
1669 1 94 101 102
1670 1 95 102 103
1671 1 96 103 104
1672 1 97 104 105
1673 1 85 93 94
1674 1 86 94 95
1675 1 87 95 96
1676 1 88 96 97
1677 1 89 97 98
1678 1 90 98 99
1679 1 91 99 100
1680 1 92 100 101
1681 1 93 101 102
1682 1 94 102 103
1683 1 95 103 104
1684 1 96 104 105
1685 1 85 94 95
1686 1 86 95 96
1687 1 87 96 97
1688 1 88 97 98
1689 1 89 98 99
1690 1 90 99 100
1691 1 91 100 101
1692 1 92 101 102
1693 1 93 102 103
1694 1 94 103 104
1695 1 95 104 105
1696 1 85 95 96
1697 1 86 96 97
1698 1 87 97 98
1699 1 88 98 99
1700 1 89 99 100
1701 1 90 100 101
1702 1 91 101 102
1703 1 92 102 103
1704 1 93 103 104
1705 1 94 104 105
1706 1 85 96 97
1707 1 86 97 98
1708 1 87 98 99
1709 1 88 99 100
1710 1 89 100 101
1711 1 90 101 102
1712 1 91 102 103
1713 1 92 103 104
1714 1 93 104 105
1715 1 85 97 98
1716 1 86 98 99
1717 1 87 99 100
1718 1 88 100 101
1719 1 89 101 102
1720 1 90 102 103
1721 1 91 103 104
1722 1 92 104 105
1723 1 85 98 99
1724 1 86 99 100
1725 1 87 100 101
1726 1 88 101 102
1727 1 89 102 103
1728 1 90 103 104
1729 1 91 104 105
1730 1 85 99 100
1731 1 86 100 101
1732 1 87 101 102
1733 1 88 102 103
1734 1 89 103 104
1735 1 90 104 105
1736 1 85 100 101
1737 1 86 101 102
1738 1 87 102 103
1739 1 88 103 104
1740 1 89 104 105
1741 1 85 101 102
1742 1 86 102 103
1743 1 87 103 104
1744 1 88 104 105
1745 1 85 102 103
1746 1 86 103 104
1747 1 87 104 105
1748 1 85 103 104
1749 1 86 104 105
1750 1 85 104 105
1751 1 85 87 89
1752 1 86 88 90
1753 1 87 89 91
1754 1 88 90 92
1755 1 89 91 93
1756 1 90 92 94
1757 1 91 93 95
1758 1 92 94 96
1759 1 93 95 97
1760 1 94 96 98
1761 1 95 97 99
1762 1 96 98 100
1763 1 97 99 101
1764 1 98 100 102
1765 1 99 101 103
1766 1 100 102 104
1767 1 101 103 105
1768 1 85 89 91
1769 1 86 90 92
1770 1 87 91 93
1771 1 88 92 94
1772 1 89 93 95
1773 1 90 94 96
1774 1 91 95 97
1775 1 92 96 98
1776 1 93 97 99
1777 1 94 98 100
1778 1 95 99 101
1779 1 96 100 102
1780 1 97 101 103
1781 1 98 102 104
1782 1 99 103 105
1783 1 85 91 93
1784 1 86 92 94
1785 1 87 93 95
1786 1 88 94 96
1787 1 89 95 97
1788 1 90 96 98
1789 1 91 97 99
1790 1 92 98 100
1791 1 93 99 101
1792 1 94 100 102
1793 1 95 101 103
1794 1 96 102 104
1795 1 97 103 105
1796 1 85 93 95
1797 1 86 94 96
1798 1 87 95 97
1799 1 88 96 98
1800 1 89 97 99
1801 1 90 98 100
1802 1 91 99 101
1803 1 92 100 102
1804 1 93 101 103
1805 1 94 102 104
1806 1 95 103 105
1807 1 85 95 97
1808 1 86 96 98
1809 1 87 97 99
1810 1 88 98 100
1811 1 89 99 101
1812 1 90 100 102
1813 1 91 101 103
1814 1 92 102 104
1815 1 93 103 105
1816 1 85 97 99
1817 1 86 98 100
1818 1 87 99 101
1819 1 88 100 102
1820 1 89 101 103
1821 1 90 102 104
1822 1 91 103 105
1823 1 85 99 101
1824 1 86 100 102
1825 1 87 101 103
1826 1 88 102 104
1827 1 89 103 105
1828 1 85 101 103
1829 1 86 102 104
1830 1 87 103 105
1831 1 85 103 105
1832 1 85 88 91
1833 1 86 89 92
1834 1 87 90 93
1835 1 88 91 94
1836 1 89 92 95
1837 1 90 93 96
1838 1 91 94 97
1839 1 92 95 98
1840 1 93 96 99
1841 1 94 97 100
1842 1 95 98 101
1843 1 96 99 102
1844 1 97 100 103
1845 1 98 101 104
1846 1 99 102 105
1847 1 85 91 94
1848 1 86 92 95
1849 1 87 93 96
1850 1 88 94 97
1851 1 89 95 98
1852 1 90 96 99
1853 1 91 97 100
1854 1 92 98 101
1855 1 93 99 102
1856 1 94 100 103
1857 1 95 101 104
1858 1 96 102 105
1859 1 85 94 97
1860 1 86 95 98
1861 1 87 96 99
1862 1 88 97 100
1863 1 89 98 101
1864 1 90 99 102
1865 1 91 100 103
1866 1 92 101 104
1867 1 93 102 105
1868 1 85 97 100
1869 1 86 98 101
1870 1 87 99 102
1871 1 88 100 103
1872 1 89 101 104
1873 1 90 102 105
1874 1 85 100 103
1875 1 86 101 104
1876 1 87 102 105
1877 1 85 89 93
1878 1 86 90 94
1879 1 87 91 95
1880 1 88 92 96
1881 1 89 93 97
1882 1 90 94 98
1883 1 91 95 99
1884 1 92 96 100
1885 1 93 97 101
1886 1 94 98 102
1887 1 95 99 103
1888 1 96 100 104
1889 1 97 101 105
1890 1 85 93 97
1891 1 86 94 98
1892 1 87 95 99
1893 1 88 96 100
1894 1 89 97 101
1895 1 90 98 102
1896 1 91 99 103
1897 1 92 100 104
1898 1 93 101 105
1899 1 85 97 101
1900 1 86 98 102
1901 1 87 99 103
1902 1 88 100 104
1903 1 89 101 105
1904 1 85 101 105
1905 1 85 90 95
1906 1 86 91 96
1907 1 87 92 97
1908 1 88 93 98
1909 1 89 94 99
1910 1 90 95 100
1911 1 91 96 101
1912 1 92 97 102
1913 1 93 98 103
1914 1 94 99 104
1915 1 95 100 105
1916 1 85 95 100
1917 1 86 96 101
1918 1 87 97 102
1919 1 88 98 103
1920 1 89 99 104
1921 1 90 100 105
1922 1 85 100 105
1923 1 85 91 97
1924 1 86 92 98
1925 1 87 93 99
1926 1 88 94 100
1927 1 89 95 101
1928 1 90 96 102
1929 1 91 97 103
1930 1 92 98 104
1931 1 93 99 105
1932 1 85 97 103
1933 1 86 98 104
1934 1 87 99 105
1935 1 85 92 99
1936 1 86 93 100
1937 1 87 94 101
1938 1 88 95 102
1939 1 89 96 103
1940 1 90 97 104
1941 1 91 98 105
1942 1 85 93 101
1943 1 86 94 102
1944 1 87 95 103
1945 1 88 96 104
1946 1 89 97 105
1947 1 85 94 103
1948 1 86 95 104
1949 1 87 96 105
1950 1 85 95 105
1951 1 106 107 108
1952 1 107 108 109
1953 1 108 109 110
1954 1 109 110 111
1955 1 110 111 112
1956 1 111 112 113
1957 1 112 113 114
1958 1 113 114 115
1959 1 114 115 116
1960 1 115 116 117
1961 1 116 117 118
1962 1 117 118 119
1963 1 118 119 120
1964 1 119 120 121
1965 1 120 121 122
1966 1 121 122 123
1967 1 122 123 124
1968 1 123 124 125
1969 1 124 125 126
1970 1 106 108 109
1971 1 107 109 110
1972 1 108 110 111
1973 1 109 111 112
1974 1 110 112 113
1975 1 111 113 114
1976 1 112 114 115
1977 1 113 115 116
1978 1 114 116 117
1979 1 115 117 118
1980 1 116 118 119
1981 1 117 119 120
1982 1 118 120 121
1983 1 119 121 122
1984 1 120 122 123
1985 1 121 123 124
1986 1 122 124 125
1987 1 123 125 126
1988 1 106 109 110
1989 1 107 110 111
1990 1 108 111 112
1991 1 109 112 113
1992 1 110 113 114
1993 1 111 114 115
1994 1 112 115 116
1995 1 113 116 117
1996 1 114 117 118
1997 1 115 118 119
1998 1 116 119 120
1999 1 117 120 121
2000 1 118 121 122
2001 1 119 122 123
2002 1 120 123 124
2003 1 121 124 125
2004 1 122 125 126
2005 1 106 110 111
2006 1 107 111 112
2007 1 108 112 113
2008 1 109 113 114
2009 1 110 114 115
2010 1 111 115 116
2011 1 112 116 117
2012 1 113 117 118
2013 1 114 118 119
2014 1 115 119 120
2015 1 116 120 121
2016 1 117 121 122
2017 1 118 122 123
2018 1 119 123 124
2019 1 120 124 125
2020 1 121 125 126
2021 1 106 111 112
2022 1 107 112 113
2023 1 108 113 114
2024 1 109 114 115
2025 1 110 115 116
2026 1 111 116 117
2027 1 112 117 118
2028 1 113 118 119
2029 1 114 119 120
2030 1 115 120 121
2031 1 116 121 122
2032 1 117 122 123
2033 1 118 123 124
2034 1 119 124 125
2035 1 120 125 126
2036 1 106 112 113
2037 1 107 113 114
2038 1 108 114 115
2039 1 109 115 116
2040 1 110 116 117
2041 1 111 117 118
2042 1 112 118 119
2043 1 113 119 120
2044 1 114 120 121
2045 1 115 121 122
2046 1 116 122 123
2047 1 117 123 124
2048 1 118 124 125
2049 1 119 125 126
2050 1 106 113 114
2051 1 107 114 115
2052 1 108 115 116
2053 1 109 116 117
2054 1 110 117 118
2055 1 111 118 119
2056 1 112 119 120
2057 1 113 120 121
2058 1 114 121 122
2059 1 115 122 123
2060 1 116 123 124
2061 1 117 124 125
2062 1 118 125 126
2063 1 106 114 115
2064 1 107 115 116
2065 1 108 116 117
2066 1 109 117 118
2067 1 110 118 119
2068 1 111 119 120
2069 1 112 120 121
2070 1 113 121 122
2071 1 114 122 123
2072 1 115 123 124
2073 1 116 124 125
2074 1 117 125 126
2075 1 106 115 116
2076 1 107 116 117
2077 1 108 117 118
2078 1 109 118 119
2079 1 110 119 120
2080 1 111 120 121
2081 1 112 121 122
2082 1 113 122 123
2083 1 114 123 124
2084 1 115 124 125
2085 1 116 125 126
2086 1 106 116 117
2087 1 107 117 118
2088 1 108 118 119
2089 1 109 119 120
2090 1 110 120 121
2091 1 111 121 122
2092 1 112 122 123
2093 1 113 123 124
2094 1 114 124 125
2095 1 115 125 126
2096 1 106 117 118
2097 1 107 118 119
2098 1 108 119 120
2099 1 109 120 121
2100 1 110 121 122
2101 1 111 122 123
2102 1 112 123 124
2103 1 113 124 125
2104 1 114 125 126
2105 1 106 118 119
2106 1 107 119 120
2107 1 108 120 121
2108 1 109 121 122
2109 1 110 122 123
2110 1 111 123 124
2111 1 112 124 125
2112 1 113 125 126
2113 1 106 119 120
2114 1 107 120 121
2115 1 108 121 122
2116 1 109 122 123
2117 1 110 123 124
2118 1 111 124 125
2119 1 112 125 126
2120 1 106 120 121
2121 1 107 121 122
2122 1 108 122 123
2123 1 109 123 124
2124 1 110 124 125
2125 1 111 125 126
2126 1 106 121 122
2127 1 107 122 123
2128 1 108 123 124
2129 1 109 124 125
2130 1 110 125 126
2131 1 106 122 123
2132 1 107 123 124
2133 1 108 124 125
2134 1 109 125 126
2135 1 106 123 124
2136 1 107 124 125
2137 1 108 125 126
2138 1 106 124 125
2139 1 107 125 126
2140 1 106 125 126
2141 1 106 108 110
2142 1 107 109 111
2143 1 108 110 112
2144 1 109 111 113
2145 1 110 112 114
2146 1 111 113 115
2147 1 112 114 116
2148 1 113 115 117
2149 1 114 116 118
2150 1 115 117 119
2151 1 116 118 120
2152 1 117 119 121
2153 1 118 120 122
2154 1 119 121 123
2155 1 120 122 124
2156 1 121 123 125
2157 1 122 124 126
2158 1 106 110 112
2159 1 107 111 113
2160 1 108 112 114
2161 1 109 113 115
2162 1 110 114 116
2163 1 111 115 117
2164 1 112 116 118
2165 1 113 117 119
2166 1 114 118 120
2167 1 115 119 121
2168 1 116 120 122
2169 1 117 121 123
2170 1 118 122 124
2171 1 119 123 125
2172 1 120 124 126
2173 1 106 112 114
2174 1 107 113 115
2175 1 108 114 116
2176 1 109 115 117
2177 1 110 116 118
2178 1 111 117 119
2179 1 112 118 120
2180 1 113 119 121
2181 1 114 120 122
2182 1 115 121 123
2183 1 116 122 124
2184 1 117 123 125
2185 1 118 124 126
2186 1 106 114 116
2187 1 107 115 117
2188 1 108 116 118
2189 1 109 117 119
2190 1 110 118 120
2191 1 111 119 121
2192 1 112 120 122
2193 1 113 121 123
2194 1 114 122 124
2195 1 115 123 125
2196 1 116 124 126
2197 1 106 116 118
2198 1 107 117 119
2199 1 108 118 120
2200 1 109 119 121
2201 1 110 120 122
2202 1 111 121 123
2203 1 112 122 124
2204 1 113 123 125
2205 1 114 124 126
2206 1 106 118 120
2207 1 107 119 121
2208 1 108 120 122
2209 1 109 121 123
2210 1 110 122 124
2211 1 111 123 125
2212 1 112 124 126
2213 1 106 120 122
2214 1 107 121 123
2215 1 108 122 124
2216 1 109 123 125
2217 1 110 124 126
2218 1 106 122 124
2219 1 107 123 125
2220 1 108 124 126
2221 1 106 124 126
2222 1 106 109 112
2223 1 107 110 113
2224 1 108 111 114
2225 1 109 112 115
2226 1 110 113 116
2227 1 111 114 117
2228 1 112 115 118
2229 1 113 116 119
2230 1 114 117 120
2231 1 115 118 121
2232 1 116 119 122
2233 1 117 120 123
2234 1 118 121 124
2235 1 119 122 125
2236 1 120 123 126
2237 1 106 112 115
2238 1 107 113 116
2239 1 108 114 117
2240 1 109 115 118
2241 1 110 116 119
2242 1 111 117 120
2243 1 112 118 121
2244 1 113 119 122
2245 1 114 120 123
2246 1 115 121 124
2247 1 116 122 125
2248 1 117 123 126
2249 1 106 115 118
2250 1 107 116 119
2251 1 108 117 120
2252 1 109 118 121
2253 1 110 119 122
2254 1 111 120 123
2255 1 112 121 124
2256 1 113 122 125
2257 1 114 123 126
2258 1 106 118 121
2259 1 107 119 122
2260 1 108 120 123
2261 1 109 121 124
2262 1 110 122 125
2263 1 111 123 126
2264 1 106 121 124
2265 1 107 122 125
2266 1 108 123 126
2267 1 106 110 114
2268 1 107 111 115
2269 1 108 112 116
2270 1 109 113 117
2271 1 110 114 118
2272 1 111 115 119
2273 1 112 116 120
2274 1 113 117 121
2275 1 114 118 122
2276 1 115 119 123
2277 1 116 120 124
2278 1 117 121 125
2279 1 118 122 126
2280 1 106 114 118
2281 1 107 115 119
2282 1 108 116 120
2283 1 109 117 121
2284 1 110 118 122
2285 1 111 119 123
2286 1 112 120 124
2287 1 113 121 125
2288 1 114 122 126
2289 1 106 118 122
2290 1 107 119 123
2291 1 108 120 124
2292 1 109 121 125
2293 1 110 122 126
2294 1 106 122 126
2295 1 106 111 116
2296 1 107 112 117
2297 1 108 113 118
2298 1 109 114 119
2299 1 110 115 120
2300 1 111 116 121
2301 1 112 117 122
2302 1 113 118 123
2303 1 114 119 124
2304 1 115 120 125
2305 1 116 121 126
2306 1 106 116 121
2307 1 107 117 122
2308 1 108 118 123
2309 1 109 119 124
2310 1 110 120 125
2311 1 111 121 126
2312 1 106 121 126
2313 1 106 112 118
2314 1 107 113 119
2315 1 108 114 120
2316 1 109 115 121
2317 1 110 116 122
2318 1 111 117 123
2319 1 112 118 124
2320 1 113 119 125
2321 1 114 120 126
2322 1 106 118 124
2323 1 107 119 125
2324 1 108 120 126
2325 1 106 113 120
2326 1 107 114 121
2327 1 108 115 122
2328 1 109 116 123
2329 1 110 117 124
2330 1 111 118 125
2331 1 112 119 126
2332 1 106 114 122
2333 1 107 115 123
2334 1 108 116 124
2335 1 109 117 125
2336 1 110 118 126
2337 1 106 115 124
2338 1 107 116 125
2339 1 108 117 126
2340 1 106 116 126
2341 1 127 128 129
2342 1 128 129 130
2343 1 129 130 131
2344 1 130 131 132
2345 1 131 132 133
2346 1 132 133 134
2347 1 133 134 135
2348 1 134 135 136
2349 1 135 136 137
2350 1 136 137 138
2351 1 137 138 139
2352 1 138 139 140
2353 1 139 140 141
2354 1 140 141 142
2355 1 141 142 143
2356 1 142 143 144
2357 1 143 144 145
2358 1 144 145 146
2359 1 145 146 147
2360 1 127 129 130
2361 1 128 130 131
2362 1 129 131 132
2363 1 130 132 133
2364 1 131 133 134
2365 1 132 134 135
2366 1 133 135 136
2367 1 134 136 137
2368 1 135 137 138
2369 1 136 138 139
2370 1 137 139 140
2371 1 138 140 141
2372 1 139 141 142
2373 1 140 142 143
2374 1 141 143 144
2375 1 142 144 145
2376 1 143 145 146
2377 1 144 146 147
2378 1 127 130 131
2379 1 128 131 132
2380 1 129 132 133
2381 1 130 133 134
2382 1 131 134 135
2383 1 132 135 136
2384 1 133 136 137
2385 1 134 137 138
2386 1 135 138 139
2387 1 136 139 140
2388 1 137 140 141
2389 1 138 141 142
2390 1 139 142 143
2391 1 140 143 144
2392 1 141 144 145
2393 1 142 145 146
2394 1 143 146 147
2395 1 127 131 132
2396 1 128 132 133
2397 1 129 133 134
2398 1 130 134 135
2399 1 131 135 136
2400 1 132 136 137
2401 1 133 137 138
2402 1 134 138 139
2403 1 135 139 140
2404 1 136 140 141
2405 1 137 141 142
2406 1 138 142 143
2407 1 139 143 144
2408 1 140 144 145
2409 1 141 145 146
2410 1 142 146 147
2411 1 127 132 133
2412 1 128 133 134
2413 1 129 134 135
2414 1 130 135 136
2415 1 131 136 137
2416 1 132 137 138
2417 1 133 138 139
2418 1 134 139 140
2419 1 135 140 141
2420 1 136 141 142
2421 1 137 142 143
2422 1 138 143 144
2423 1 139 144 145
2424 1 140 145 146
2425 1 141 146 147
2426 1 127 133 134
2427 1 128 134 135
2428 1 129 135 136
2429 1 130 136 137
2430 1 131 137 138
2431 1 132 138 139
2432 1 133 139 140
2433 1 134 140 141
2434 1 135 141 142
2435 1 136 142 143
2436 1 137 143 144
2437 1 138 144 145
2438 1 139 145 146
2439 1 140 146 147
2440 1 127 134 135
2441 1 128 135 136
2442 1 129 136 137
2443 1 130 137 138
2444 1 131 138 139
2445 1 132 139 140
2446 1 133 140 141
2447 1 134 141 142
2448 1 135 142 143
2449 1 136 143 144
2450 1 137 144 145
2451 1 138 145 146
2452 1 139 146 147
2453 1 127 135 136
2454 1 128 136 137
2455 1 129 137 138
2456 1 130 138 139
2457 1 131 139 140
2458 1 132 140 141
2459 1 133 141 142
2460 1 134 142 143
2461 1 135 143 144
2462 1 136 144 145
2463 1 137 145 146
2464 1 138 146 147
2465 1 127 136 137
2466 1 128 137 138
2467 1 129 138 139
2468 1 130 139 140
2469 1 131 140 141
2470 1 132 141 142
2471 1 133 142 143
2472 1 134 143 144
2473 1 135 144 145
2474 1 136 145 146
2475 1 137 146 147
2476 1 127 137 138
2477 1 128 138 139
2478 1 129 139 140
2479 1 130 140 141
2480 1 131 141 142
2481 1 132 142 143
2482 1 133 143 144
2483 1 134 144 145
2484 1 135 145 146
2485 1 136 146 147
2486 1 127 138 139
2487 1 128 139 140
2488 1 129 140 141
2489 1 130 141 142
2490 1 131 142 143
2491 1 132 143 144
2492 1 133 144 145
2493 1 134 145 146
2494 1 135 146 147
2495 1 127 139 140
2496 1 128 140 141
2497 1 129 141 142
2498 1 130 142 143
2499 1 131 143 144
2500 1 132 144 145
2501 1 133 145 146
2502 1 134 146 147
2503 1 127 140 141
2504 1 128 141 142
2505 1 129 142 143
2506 1 130 143 144
2507 1 131 144 145
2508 1 132 145 146
2509 1 133 146 147
2510 1 127 141 142
2511 1 128 142 143
2512 1 129 143 144
2513 1 130 144 145
2514 1 131 145 146
2515 1 132 146 147
2516 1 127 142 143
2517 1 128 143 144
2518 1 129 144 145
2519 1 130 145 146
2520 1 131 146 147
2521 1 127 143 144
2522 1 128 144 145
2523 1 129 145 146
2524 1 130 146 147
2525 1 127 144 145
2526 1 128 145 146
2527 1 129 146 147
2528 1 127 145 146
2529 1 128 146 147
2530 1 127 146 147
2531 1 127 129 131
2532 1 128 130 132
2533 1 129 131 133
2534 1 130 132 134
2535 1 131 133 135
2536 1 132 134 136
2537 1 133 135 137
2538 1 134 136 138
2539 1 135 137 139
2540 1 136 138 140
2541 1 137 139 141
2542 1 138 140 142
2543 1 139 141 143
2544 1 140 142 144
2545 1 141 143 145
2546 1 142 144 146
2547 1 143 145 147
2548 1 127 131 133
2549 1 128 132 134
2550 1 129 133 135
2551 1 130 134 136
2552 1 131 135 137
2553 1 132 136 138
2554 1 133 137 139
2555 1 134 138 140
2556 1 135 139 141
2557 1 136 140 142
2558 1 137 141 143
2559 1 138 142 144
2560 1 139 143 145
2561 1 140 144 146
2562 1 141 145 147
2563 1 127 133 135
2564 1 128 134 136
2565 1 129 135 137
2566 1 130 136 138
2567 1 131 137 139
2568 1 132 138 140
2569 1 133 139 141
2570 1 134 140 142
2571 1 135 141 143
2572 1 136 142 144
2573 1 137 143 145
2574 1 138 144 146
2575 1 139 145 147
2576 1 127 135 137
2577 1 128 136 138
2578 1 129 137 139
2579 1 130 138 140
2580 1 131 139 141
2581 1 132 140 142
2582 1 133 141 143
2583 1 134 142 144
2584 1 135 143 145
2585 1 136 144 146
2586 1 137 145 147
2587 1 127 137 139
2588 1 128 138 140
2589 1 129 139 141
2590 1 130 140 142
2591 1 131 141 143
2592 1 132 142 144
2593 1 133 143 145
2594 1 134 144 146
2595 1 135 145 147
2596 1 127 139 141
2597 1 128 140 142
2598 1 129 141 143
2599 1 130 142 144
2600 1 131 143 145
2601 1 132 144 146
2602 1 133 145 147
2603 1 127 141 143
2604 1 128 142 144
2605 1 129 143 145
2606 1 130 144 146
2607 1 131 145 147
2608 1 127 143 145
2609 1 128 144 146
2610 1 129 145 147
2611 1 127 145 147
2612 1 127 130 133
2613 1 128 131 134
2614 1 129 132 135
2615 1 130 133 136
2616 1 131 134 137
2617 1 132 135 138
2618 1 133 136 139
2619 1 134 137 140
2620 1 135 138 141
2621 1 136 139 142
2622 1 137 140 143
2623 1 138 141 144
2624 1 139 142 145
2625 1 140 143 146
2626 1 141 144 147
2627 1 127 133 136
2628 1 128 134 137
2629 1 129 135 138
2630 1 130 136 139
2631 1 131 137 140
2632 1 132 138 141
2633 1 133 139 142
2634 1 134 140 143
2635 1 135 141 144
2636 1 136 142 145
2637 1 137 143 146
2638 1 138 144 147
2639 1 127 136 139
2640 1 128 137 140
2641 1 129 138 141
2642 1 130 139 142
2643 1 131 140 143
2644 1 132 141 144
2645 1 133 142 145
2646 1 134 143 146
2647 1 135 144 147
2648 1 127 139 142
2649 1 128 140 143
2650 1 129 141 144
2651 1 130 142 145
2652 1 131 143 146
2653 1 132 144 147
2654 1 127 142 145
2655 1 128 143 146
2656 1 129 144 147
2657 1 127 131 135
2658 1 128 132 136
2659 1 129 133 137
2660 1 130 134 138
2661 1 131 135 139
2662 1 132 136 140
2663 1 133 137 141
2664 1 134 138 142
2665 1 135 139 143
2666 1 136 140 144
2667 1 137 141 145
2668 1 138 142 146
2669 1 139 143 147
2670 1 127 135 139
2671 1 128 136 140
2672 1 129 137 141
2673 1 130 138 142
2674 1 131 139 143
2675 1 132 140 144
2676 1 133 141 145
2677 1 134 142 146
2678 1 135 143 147
2679 1 127 139 143
2680 1 128 140 144
2681 1 129 141 145
2682 1 130 142 146
2683 1 131 143 147
2684 1 127 143 147
2685 1 127 132 137
2686 1 128 133 138
2687 1 129 134 139
2688 1 130 135 140
2689 1 131 136 141
2690 1 132 137 142
2691 1 133 138 143
2692 1 134 139 144
2693 1 135 140 145
2694 1 136 141 146
2695 1 137 142 147
2696 1 127 137 142
2697 1 128 138 143
2698 1 129 139 144
2699 1 130 140 145
2700 1 131 141 146
2701 1 132 142 147
2702 1 127 142 147
2703 1 127 133 139
2704 1 128 134 140
2705 1 129 135 141
2706 1 130 136 142
2707 1 131 137 143
2708 1 132 138 144
2709 1 133 139 145
2710 1 134 140 146
2711 1 135 141 147
2712 1 127 139 145
2713 1 128 140 146
2714 1 129 141 147
2715 1 127 134 141
2716 1 128 135 142
2717 1 129 136 143
2718 1 130 137 144
2719 1 131 138 145
2720 1 132 139 146
2721 1 133 140 147
2722 1 127 135 143
2723 1 128 136 144
2724 1 129 137 145
2725 1 130 138 146
2726 1 131 139 147
2727 1 127 136 145
2728 1 128 137 146
2729 1 129 138 147
2730 1 127 137 147
2731 1 148 149 150
2732 1 149 150 151
2733 1 150 151 152
2734 1 151 152 153
2735 1 152 153 154
2736 1 153 154 155
2737 1 154 155 156
2738 1 155 156 157
2739 1 156 157 158
2740 1 157 158 159
2741 1 158 159 160
2742 1 159 160 161
2743 1 160 161 162
2744 1 161 162 163
2745 1 162 163 164
2746 1 163 164 165
2747 1 164 165 166
2748 1 165 166 167
2749 1 166 167 168
2750 1 148 150 151
2751 1 149 151 152
2752 1 150 152 153
2753 1 151 153 154
2754 1 152 154 155
2755 1 153 155 156
2756 1 154 156 157
2757 1 155 157 158
2758 1 156 158 159
2759 1 157 159 160
2760 1 158 160 161
2761 1 159 161 162
2762 1 160 162 163
2763 1 161 163 164
2764 1 162 164 165
2765 1 163 165 166
2766 1 164 166 167
2767 1 165 167 168
2768 1 148 151 152
2769 1 149 152 153
2770 1 150 153 154
2771 1 151 154 155
2772 1 152 155 156
2773 1 153 156 157
2774 1 154 157 158
2775 1 155 158 159
2776 1 156 159 160
2777 1 157 160 161
2778 1 158 161 162
2779 1 159 162 163
2780 1 160 163 164
2781 1 161 164 165
2782 1 162 165 166
2783 1 163 166 167
2784 1 164 167 168
2785 1 148 152 153
2786 1 149 153 154
2787 1 150 154 155
2788 1 151 155 156
2789 1 152 156 157
2790 1 153 157 158
2791 1 154 158 159
2792 1 155 159 160
2793 1 156 160 161
2794 1 157 161 162
2795 1 158 162 163
2796 1 159 163 164
2797 1 160 164 165
2798 1 161 165 166
2799 1 162 166 167
2800 1 163 167 168
2801 1 148 153 154
2802 1 149 154 155
2803 1 150 155 156
2804 1 151 156 157
2805 1 152 157 158
2806 1 153 158 159
2807 1 154 159 160
2808 1 155 160 161
2809 1 156 161 162
2810 1 157 162 163
2811 1 158 163 164
2812 1 159 164 165
2813 1 160 165 166
2814 1 161 166 167
2815 1 162 167 168
2816 1 148 154 155
2817 1 149 155 156
2818 1 150 156 157
2819 1 151 157 158
2820 1 152 158 159
2821 1 153 159 160
2822 1 154 160 161
2823 1 155 161 162
2824 1 156 162 163
2825 1 157 163 164
2826 1 158 164 165
2827 1 159 165 166
2828 1 160 166 167
2829 1 161 167 168
2830 1 148 155 156
2831 1 149 156 157
2832 1 150 157 158
2833 1 151 158 159
2834 1 152 159 160
2835 1 153 160 161
2836 1 154 161 162
2837 1 155 162 163
2838 1 156 163 164
2839 1 157 164 165
2840 1 158 165 166
2841 1 159 166 167
2842 1 160 167 168
2843 1 148 156 157
2844 1 149 157 158
2845 1 150 158 159
2846 1 151 159 160
2847 1 152 160 161
2848 1 153 161 162
2849 1 154 162 163
2850 1 155 163 164
2851 1 156 164 165
2852 1 157 165 166
2853 1 158 166 167
2854 1 159 167 168
2855 1 148 157 158
2856 1 149 158 159
2857 1 150 159 160
2858 1 151 160 161
2859 1 152 161 162
2860 1 153 162 163
2861 1 154 163 164
2862 1 155 164 165
2863 1 156 165 166
2864 1 157 166 167
2865 1 158 167 168
2866 1 148 158 159
2867 1 149 159 160
2868 1 150 160 161
2869 1 151 161 162
2870 1 152 162 163
2871 1 153 163 164
2872 1 154 164 165
2873 1 155 165 166
2874 1 156 166 167
2875 1 157 167 168
2876 1 148 159 160
2877 1 149 160 161
2878 1 150 161 162
2879 1 151 162 163
2880 1 152 163 164
2881 1 153 164 165
2882 1 154 165 166
2883 1 155 166 167
2884 1 156 167 168
2885 1 148 160 161
2886 1 149 161 162
2887 1 150 162 163
2888 1 151 163 164
2889 1 152 164 165
2890 1 153 165 166
2891 1 154 166 167
2892 1 155 167 168
2893 1 148 161 162
2894 1 149 162 163
2895 1 150 163 164
2896 1 151 164 165
2897 1 152 165 166
2898 1 153 166 167
2899 1 154 167 168
2900 1 148 162 163
2901 1 149 163 164
2902 1 150 164 165
2903 1 151 165 166
2904 1 152 166 167
2905 1 153 167 168
2906 1 148 163 164
2907 1 149 164 165
2908 1 150 165 166
2909 1 151 166 167
2910 1 152 167 168
2911 1 148 164 165
2912 1 149 165 166
2913 1 150 166 167
2914 1 151 167 168
2915 1 148 165 166
2916 1 149 166 167
2917 1 150 167 168
2918 1 148 166 167
2919 1 149 167 168
2920 1 148 167 168
2921 1 148 150 152
2922 1 149 151 153
2923 1 150 152 154
2924 1 151 153 155
2925 1 152 154 156
2926 1 153 155 157
2927 1 154 156 158
2928 1 155 157 159
2929 1 156 158 160
2930 1 157 159 161
2931 1 158 160 162
2932 1 159 161 163
2933 1 160 162 164
2934 1 161 163 165
2935 1 162 164 166
2936 1 163 165 167
2937 1 164 166 168
2938 1 148 152 154
2939 1 149 153 155
2940 1 150 154 156
2941 1 151 155 157
2942 1 152 156 158
2943 1 153 157 159
2944 1 154 158 160
2945 1 155 159 161
2946 1 156 160 162
2947 1 157 161 163
2948 1 158 162 164
2949 1 159 163 165
2950 1 160 164 166
2951 1 161 165 167
2952 1 162 166 168
2953 1 148 154 156
2954 1 149 155 157
2955 1 150 156 158
2956 1 151 157 159
2957 1 152 158 160
2958 1 153 159 161
2959 1 154 160 162
2960 1 155 161 163
2961 1 156 162 164
2962 1 157 163 165
2963 1 158 164 166
2964 1 159 165 167
2965 1 160 166 168
2966 1 148 156 158
2967 1 149 157 159
2968 1 150 158 160
2969 1 151 159 161
2970 1 152 160 162
2971 1 153 161 163
2972 1 154 162 164
2973 1 155 163 165
2974 1 156 164 166
2975 1 157 165 167
2976 1 158 166 168
2977 1 148 158 160
2978 1 149 159 161
2979 1 150 160 162
2980 1 151 161 163
2981 1 152 162 164
2982 1 153 163 165
2983 1 154 164 166
2984 1 155 165 167
2985 1 156 166 168
2986 1 148 160 162
2987 1 149 161 163
2988 1 150 162 164
2989 1 151 163 165
2990 1 152 164 166
2991 1 153 165 167
2992 1 154 166 168
2993 1 148 162 164
2994 1 149 163 165
2995 1 150 164 166
2996 1 151 165 167
2997 1 152 166 168
2998 1 148 164 166
2999 1 149 165 167
3000 1 150 166 168
3001 1 148 166 168
3002 1 148 151 154
3003 1 149 152 155
3004 1 150 153 156
3005 1 151 154 157
3006 1 152 155 158
3007 1 153 156 159
3008 1 154 157 160
3009 1 155 158 161
3010 1 156 159 162
3011 1 157 160 163
3012 1 158 161 164
3013 1 159 162 165
3014 1 160 163 166
3015 1 161 164 167
3016 1 162 165 168
3017 1 148 154 157
3018 1 149 155 158
3019 1 150 156 159
3020 1 151 157 160
3021 1 152 158 161
3022 1 153 159 162
3023 1 154 160 163
3024 1 155 161 164
3025 1 156 162 165
3026 1 157 163 166
3027 1 158 164 167
3028 1 159 165 168
3029 1 148 157 160
3030 1 149 158 161
3031 1 150 159 162
3032 1 151 160 163
3033 1 152 161 164
3034 1 153 162 165
3035 1 154 163 166
3036 1 155 164 167
3037 1 156 165 168
3038 1 148 160 163
3039 1 149 161 164
3040 1 150 162 165
3041 1 151 163 166
3042 1 152 164 167
3043 1 153 165 168
3044 1 148 163 166
3045 1 149 164 167
3046 1 150 165 168
3047 1 148 152 156
3048 1 149 153 157
3049 1 150 154 158
3050 1 151 155 159
3051 1 152 156 160
3052 1 153 157 161
3053 1 154 158 162
3054 1 155 159 163
3055 1 156 160 164
3056 1 157 161 165
3057 1 158 162 166
3058 1 159 163 167
3059 1 160 164 168
3060 1 148 156 160
3061 1 149 157 161
3062 1 150 158 162
3063 1 151 159 163
3064 1 152 160 164
3065 1 153 161 165
3066 1 154 162 166
3067 1 155 163 167
3068 1 156 164 168
3069 1 148 160 164
3070 1 149 161 165
3071 1 150 162 166
3072 1 151 163 167
3073 1 152 164 168
3074 1 148 164 168
3075 1 148 153 158
3076 1 149 154 159
3077 1 150 155 160
3078 1 151 156 161
3079 1 152 157 162
3080 1 153 158 163
3081 1 154 159 164
3082 1 155 160 165
3083 1 156 161 166
3084 1 157 162 167
3085 1 158 163 168
3086 1 148 158 163
3087 1 149 159 164
3088 1 150 160 165
3089 1 151 161 166
3090 1 152 162 167
3091 1 153 163 168
3092 1 148 163 168
3093 1 148 154 160
3094 1 149 155 161
3095 1 150 156 162
3096 1 151 157 163
3097 1 152 158 164
3098 1 153 159 165
3099 1 154 160 166
3100 1 155 161 167
3101 1 156 162 168
3102 1 148 160 166
3103 1 149 161 167
3104 1 150 162 168
3105 1 148 155 162
3106 1 149 156 163
3107 1 150 157 164
3108 1 151 158 165
3109 1 152 159 166
3110 1 153 160 167
3111 1 154 161 168
3112 1 148 156 164
3113 1 149 157 165
3114 1 150 158 166
3115 1 151 159 167
3116 1 152 160 168
3117 1 148 157 166
3118 1 149 158 167
3119 1 150 159 168
3120 1 148 158 168
3121 1 169 170 171
3122 1 170 171 172
3123 1 171 172 173
3124 1 172 173 174
3125 1 173 174 175
3126 1 174 175 176
3127 1 175 176 177
3128 1 176 177 178
3129 1 177 178 179
3130 1 178 179 180
3131 1 179 180 181
3132 1 180 181 182
3133 1 181 182 183
3134 1 182 183 184
3135 1 183 184 185
3136 1 184 185 186
3137 1 185 186 187
3138 1 186 187 188
3139 1 187 188 189
3140 1 169 171 172
3141 1 170 172 173
3142 1 171 173 174
3143 1 172 174 175
3144 1 173 175 176
3145 1 174 176 177
3146 1 175 177 178
3147 1 176 178 179
3148 1 177 179 180
3149 1 178 180 181
3150 1 179 181 182
3151 1 180 182 183
3152 1 181 183 184
3153 1 182 184 185
3154 1 183 185 186
3155 1 184 186 187
3156 1 185 187 188
3157 1 186 188 189
3158 1 169 172 173
3159 1 170 173 174
3160 1 171 174 175
3161 1 172 175 176
3162 1 173 176 177
3163 1 174 177 178
3164 1 175 178 179
3165 1 176 179 180
3166 1 177 180 181
3167 1 178 181 182
3168 1 179 182 183
3169 1 180 183 184
3170 1 181 184 185
3171 1 182 185 186
3172 1 183 186 187
3173 1 184 187 188
3174 1 185 188 189
3175 1 169 173 174
3176 1 170 174 175
3177 1 171 175 176
3178 1 172 176 177
3179 1 173 177 178
3180 1 174 178 179
3181 1 175 179 180
3182 1 176 180 181
3183 1 177 181 182
3184 1 178 182 183
3185 1 179 183 184
3186 1 180 184 185
3187 1 181 185 186
3188 1 182 186 187
3189 1 183 187 188
3190 1 184 188 189
3191 1 169 174 175
3192 1 170 175 176
3193 1 171 176 177
3194 1 172 177 178
3195 1 173 178 179
3196 1 174 179 180
3197 1 175 180 181
3198 1 176 181 182
3199 1 177 182 183
3200 1 178 183 184
3201 1 179 184 185
3202 1 180 185 186
3203 1 181 186 187
3204 1 182 187 188
3205 1 183 188 189
3206 1 169 175 176
3207 1 170 176 177
3208 1 171 177 178
3209 1 172 178 179
3210 1 173 179 180
3211 1 174 180 181
3212 1 175 181 182
3213 1 176 182 183
3214 1 177 183 184
3215 1 178 184 185
3216 1 179 185 186
3217 1 180 186 187
3218 1 181 187 188
3219 1 182 188 189
3220 1 169 176 177
3221 1 170 177 178
3222 1 171 178 179
3223 1 172 179 180
3224 1 173 180 181
3225 1 174 181 182
3226 1 175 182 183
3227 1 176 183 184
3228 1 177 184 185
3229 1 178 185 186
3230 1 179 186 187
3231 1 180 187 188
3232 1 181 188 189
3233 1 169 177 178
3234 1 170 178 179
3235 1 171 179 180
3236 1 172 180 181
3237 1 173 181 182
3238 1 174 182 183
3239 1 175 183 184
3240 1 176 184 185
3241 1 177 185 186
3242 1 178 186 187
3243 1 179 187 188
3244 1 180 188 189
3245 1 169 178 179
3246 1 170 179 180
3247 1 171 180 181
3248 1 172 181 182
3249 1 173 182 183
3250 1 174 183 184
3251 1 175 184 185
3252 1 176 185 186
3253 1 177 186 187
3254 1 178 187 188
3255 1 179 188 189
3256 1 169 179 180
3257 1 170 180 181
3258 1 171 181 182
3259 1 172 182 183
3260 1 173 183 184
3261 1 174 184 185
3262 1 175 185 186
3263 1 176 186 187
3264 1 177 187 188
3265 1 178 188 189
3266 1 169 180 181
3267 1 170 181 182
3268 1 171 182 183
3269 1 172 183 184
3270 1 173 184 185
3271 1 174 185 186
3272 1 175 186 187
3273 1 176 187 188
3274 1 177 188 189
3275 1 169 181 182
3276 1 170 182 183
3277 1 171 183 184
3278 1 172 184 185
3279 1 173 185 186
3280 1 174 186 187
3281 1 175 187 188
3282 1 176 188 189
3283 1 169 182 183
3284 1 170 183 184
3285 1 171 184 185
3286 1 172 185 186
3287 1 173 186 187
3288 1 174 187 188
3289 1 175 188 189
3290 1 169 183 184
3291 1 170 184 185
3292 1 171 185 186
3293 1 172 186 187
3294 1 173 187 188
3295 1 174 188 189
3296 1 169 184 185
3297 1 170 185 186
3298 1 171 186 187
3299 1 172 187 188
3300 1 173 188 189
3301 1 169 185 186
3302 1 170 186 187
3303 1 171 187 188
3304 1 172 188 189
3305 1 169 186 187
3306 1 170 187 188
3307 1 171 188 189
3308 1 169 187 188
3309 1 170 188 189
3310 1 169 188 189
3311 1 169 171 173
3312 1 170 172 174
3313 1 171 173 175
3314 1 172 174 176
3315 1 173 175 177
3316 1 174 176 178
3317 1 175 177 179
3318 1 176 178 180
3319 1 177 179 181
3320 1 178 180 182
3321 1 179 181 183
3322 1 180 182 184
3323 1 181 183 185
3324 1 182 184 186
3325 1 183 185 187
3326 1 184 186 188
3327 1 185 187 189
3328 1 169 173 175
3329 1 170 174 176
3330 1 171 175 177
3331 1 172 176 178
3332 1 173 177 179
3333 1 174 178 180
3334 1 175 179 181
3335 1 176 180 182
3336 1 177 181 183
3337 1 178 182 184
3338 1 179 183 185
3339 1 180 184 186
3340 1 181 185 187
3341 1 182 186 188
3342 1 183 187 189
3343 1 169 175 177
3344 1 170 176 178
3345 1 171 177 179
3346 1 172 178 180
3347 1 173 179 181
3348 1 174 180 182
3349 1 175 181 183
3350 1 176 182 184
3351 1 177 183 185
3352 1 178 184 186
3353 1 179 185 187
3354 1 180 186 188
3355 1 181 187 189
3356 1 169 177 179
3357 1 170 178 180
3358 1 171 179 181
3359 1 172 180 182
3360 1 173 181 183
3361 1 174 182 184
3362 1 175 183 185
3363 1 176 184 186
3364 1 177 185 187
3365 1 178 186 188
3366 1 179 187 189
3367 1 169 179 181
3368 1 170 180 182
3369 1 171 181 183
3370 1 172 182 184
3371 1 173 183 185
3372 1 174 184 186
3373 1 175 185 187
3374 1 176 186 188
3375 1 177 187 189
3376 1 169 181 183
3377 1 170 182 184
3378 1 171 183 185
3379 1 172 184 186
3380 1 173 185 187
3381 1 174 186 188
3382 1 175 187 189
3383 1 169 183 185
3384 1 170 184 186
3385 1 171 185 187
3386 1 172 186 188
3387 1 173 187 189
3388 1 169 185 187
3389 1 170 186 188
3390 1 171 187 189
3391 1 169 187 189
3392 1 169 172 175
3393 1 170 173 176
3394 1 171 174 177
3395 1 172 175 178
3396 1 173 176 179
3397 1 174 177 180
3398 1 175 178 181
3399 1 176 179 182
3400 1 177 180 183
3401 1 178 181 184
3402 1 179 182 185
3403 1 180 183 186
3404 1 181 184 187
3405 1 182 185 188
3406 1 183 186 189
3407 1 169 175 178
3408 1 170 176 179
3409 1 171 177 180
3410 1 172 178 181
3411 1 173 179 182
3412 1 174 180 183
3413 1 175 181 184
3414 1 176 182 185
3415 1 177 183 186
3416 1 178 184 187
3417 1 179 185 188
3418 1 180 186 189
3419 1 169 178 181
3420 1 170 179 182
3421 1 171 180 183
3422 1 172 181 184
3423 1 173 182 185
3424 1 174 183 186
3425 1 175 184 187
3426 1 176 185 188
3427 1 177 186 189
3428 1 169 181 184
3429 1 170 182 185
3430 1 171 183 186
3431 1 172 184 187
3432 1 173 185 188
3433 1 174 186 189
3434 1 169 184 187
3435 1 170 185 188
3436 1 171 186 189
3437 1 169 173 177
3438 1 170 174 178
3439 1 171 175 179
3440 1 172 176 180
3441 1 173 177 181
3442 1 174 178 182
3443 1 175 179 183
3444 1 176 180 184
3445 1 177 181 185
3446 1 178 182 186
3447 1 179 183 187
3448 1 180 184 188
3449 1 181 185 189
3450 1 169 177 181
3451 1 170 178 182
3452 1 171 179 183
3453 1 172 180 184
3454 1 173 181 185
3455 1 174 182 186
3456 1 175 183 187
3457 1 176 184 188
3458 1 177 185 189
3459 1 169 181 185
3460 1 170 182 186
3461 1 171 183 187
3462 1 172 184 188
3463 1 173 185 189
3464 1 169 185 189
3465 1 169 174 179
3466 1 170 175 180
3467 1 171 176 181
3468 1 172 177 182
3469 1 173 178 183
3470 1 174 179 184
3471 1 175 180 185
3472 1 176 181 186
3473 1 177 182 187
3474 1 178 183 188
3475 1 179 184 189
3476 1 169 179 184
3477 1 170 180 185
3478 1 171 181 186
3479 1 172 182 187
3480 1 173 183 188
3481 1 174 184 189
3482 1 169 184 189
3483 1 169 175 181
3484 1 170 176 182
3485 1 171 177 183
3486 1 172 178 184
3487 1 173 179 185
3488 1 174 180 186
3489 1 175 181 187
3490 1 176 182 188
3491 1 177 183 189
3492 1 169 181 187
3493 1 170 182 188
3494 1 171 183 189
3495 1 169 176 183
3496 1 170 177 184
3497 1 171 178 185
3498 1 172 179 186
3499 1 173 180 187
3500 1 174 181 188
3501 1 175 182 189
3502 1 169 177 185
3503 1 170 178 186
3504 1 171 179 187
3505 1 172 180 188
3506 1 173 181 189
3507 1 169 178 187
3508 1 170 179 188
3509 1 171 180 189
3510 1 169 179 189
3511 1 190 191 192
3512 1 191 192 193
3513 1 192 193 194
3514 1 193 194 195
3515 1 194 195 196
3516 1 195 196 197
3517 1 196 197 198
3518 1 197 198 199
3519 1 198 199 200
3520 1 199 200 201
3521 1 200 201 202
3522 1 201 202 203
3523 1 202 203 204
3524 1 203 204 205
3525 1 204 205 206
3526 1 205 206 207
3527 1 206 207 208
3528 1 207 208 209
3529 1 208 209 210
3530 1 190 192 193
3531 1 191 193 194
3532 1 192 194 195
3533 1 193 195 196
3534 1 194 196 197
3535 1 195 197 198
3536 1 196 198 199
3537 1 197 199 200
3538 1 198 200 201
3539 1 199 201 202
3540 1 200 202 203
3541 1 201 203 204
3542 1 202 204 205
3543 1 203 205 206
3544 1 204 206 207
3545 1 205 207 208
3546 1 206 208 209
3547 1 207 209 210
3548 1 190 193 194
3549 1 191 194 195
3550 1 192 195 196
3551 1 193 196 197
3552 1 194 197 198
3553 1 195 198 199
3554 1 196 199 200
3555 1 197 200 201
3556 1 198 201 202
3557 1 199 202 203
3558 1 200 203 204
3559 1 201 204 205
3560 1 202 205 206
3561 1 203 206 207
3562 1 204 207 208
3563 1 205 208 209
3564 1 206 209 210
3565 1 190 194 195
3566 1 191 195 196
3567 1 192 196 197
3568 1 193 197 198
3569 1 194 198 199
3570 1 195 199 200
3571 1 196 200 201
3572 1 197 201 202
3573 1 198 202 203
3574 1 199 203 204
3575 1 200 204 205
3576 1 201 205 206
3577 1 202 206 207
3578 1 203 207 208
3579 1 204 208 209
3580 1 205 209 210
3581 1 190 195 196
3582 1 191 196 197
3583 1 192 197 198
3584 1 193 198 199
3585 1 194 199 200
3586 1 195 200 201
3587 1 196 201 202
3588 1 197 202 203
3589 1 198 203 204
3590 1 199 204 205
3591 1 200 205 206
3592 1 201 206 207
3593 1 202 207 208
3594 1 203 208 209
3595 1 204 209 210
3596 1 190 196 197
3597 1 191 197 198
3598 1 192 198 199
3599 1 193 199 200
3600 1 194 200 201
3601 1 195 201 202
3602 1 196 202 203
3603 1 197 203 204
3604 1 198 204 205
3605 1 199 205 206
3606 1 200 206 207
3607 1 201 207 208
3608 1 202 208 209
3609 1 203 209 210
3610 1 190 197 198
3611 1 191 198 199
3612 1 192 199 200
3613 1 193 200 201
3614 1 194 201 202
3615 1 195 202 203
3616 1 196 203 204
3617 1 197 204 205
3618 1 198 205 206
3619 1 199 206 207
3620 1 200 207 208
3621 1 201 208 209
3622 1 202 209 210
3623 1 190 198 199
3624 1 191 199 200
3625 1 192 200 201
3626 1 193 201 202
3627 1 194 202 203
3628 1 195 203 204
3629 1 196 204 205
3630 1 197 205 206
3631 1 198 206 207
3632 1 199 207 208
3633 1 200 208 209
3634 1 201 209 210
3635 1 190 199 200
3636 1 191 200 201
3637 1 192 201 202
3638 1 193 202 203
3639 1 194 203 204
3640 1 195 204 205
3641 1 196 205 206
3642 1 197 206 207
3643 1 198 207 208
3644 1 199 208 209
3645 1 200 209 210
3646 1 190 200 201
3647 1 191 201 202
3648 1 192 202 203
3649 1 193 203 204
3650 1 194 204 205
3651 1 195 205 206
3652 1 196 206 207
3653 1 197 207 208
3654 1 198 208 209
3655 1 199 209 210
3656 1 190 201 202
3657 1 191 202 203
3658 1 192 203 204
3659 1 193 204 205
3660 1 194 205 206
3661 1 195 206 207
3662 1 196 207 208
3663 1 197 208 209
3664 1 198 209 210
3665 1 190 202 203
3666 1 191 203 204
3667 1 192 204 205
3668 1 193 205 206
3669 1 194 206 207
3670 1 195 207 208
3671 1 196 208 209
3672 1 197 209 210
3673 1 190 203 204
3674 1 191 204 205
3675 1 192 205 206
3676 1 193 206 207
3677 1 194 207 208
3678 1 195 208 209
3679 1 196 209 210
3680 1 190 204 205
3681 1 191 205 206
3682 1 192 206 207
3683 1 193 207 208
3684 1 194 208 209
3685 1 195 209 210
3686 1 190 205 206
3687 1 191 206 207
3688 1 192 207 208
3689 1 193 208 209
3690 1 194 209 210
3691 1 190 206 207
3692 1 191 207 208
3693 1 192 208 209
3694 1 193 209 210
3695 1 190 207 208
3696 1 191 208 209
3697 1 192 209 210
3698 1 190 208 209
3699 1 191 209 210
3700 1 190 209 210
3701 1 190 192 194
3702 1 191 193 195
3703 1 192 194 196
3704 1 193 195 197
3705 1 194 196 198
3706 1 195 197 199
3707 1 196 198 200
3708 1 197 199 201
3709 1 198 200 202
3710 1 199 201 203
3711 1 200 202 204
3712 1 201 203 205
3713 1 202 204 206
3714 1 203 205 207
3715 1 204 206 208
3716 1 205 207 209
3717 1 206 208 210
3718 1 190 194 196
3719 1 191 195 197
3720 1 192 196 198
3721 1 193 197 199
3722 1 194 198 200
3723 1 195 199 201
3724 1 196 200 202
3725 1 197 201 203
3726 1 198 202 204
3727 1 199 203 205
3728 1 200 204 206
3729 1 201 205 207
3730 1 202 206 208
3731 1 203 207 209
3732 1 204 208 210
3733 1 190 196 198
3734 1 191 197 199
3735 1 192 198 200
3736 1 193 199 201
3737 1 194 200 202
3738 1 195 201 203
3739 1 196 202 204
3740 1 197 203 205
3741 1 198 204 206
3742 1 199 205 207
3743 1 200 206 208
3744 1 201 207 209
3745 1 202 208 210
3746 1 190 198 200
3747 1 191 199 201
3748 1 192 200 202
3749 1 193 201 203
3750 1 194 202 204
3751 1 195 203 205
3752 1 196 204 206
3753 1 197 205 207
3754 1 198 206 208
3755 1 199 207 209
3756 1 200 208 210
3757 1 190 200 202
3758 1 191 201 203
3759 1 192 202 204
3760 1 193 203 205
3761 1 194 204 206
3762 1 195 205 207
3763 1 196 206 208
3764 1 197 207 209
3765 1 198 208 210
3766 1 190 202 204
3767 1 191 203 205
3768 1 192 204 206
3769 1 193 205 207
3770 1 194 206 208
3771 1 195 207 209
3772 1 196 208 210
3773 1 190 204 206
3774 1 191 205 207
3775 1 192 206 208
3776 1 193 207 209
3777 1 194 208 210
3778 1 190 206 208
3779 1 191 207 209
3780 1 192 208 210
3781 1 190 208 210
3782 1 190 193 196
3783 1 191 194 197
3784 1 192 195 198
3785 1 193 196 199
3786 1 194 197 200
3787 1 195 198 201
3788 1 196 199 202
3789 1 197 200 203
3790 1 198 201 204
3791 1 199 202 205
3792 1 200 203 206
3793 1 201 204 207
3794 1 202 205 208
3795 1 203 206 209
3796 1 204 207 210
3797 1 190 196 199
3798 1 191 197 200
3799 1 192 198 201
3800 1 193 199 202
3801 1 194 200 203
3802 1 195 201 204
3803 1 196 202 205
3804 1 197 203 206
3805 1 198 204 207
3806 1 199 205 208
3807 1 200 206 209
3808 1 201 207 210
3809 1 190 199 202
3810 1 191 200 203
3811 1 192 201 204
3812 1 193 202 205
3813 1 194 203 206
3814 1 195 204 207
3815 1 196 205 208
3816 1 197 206 209
3817 1 198 207 210
3818 1 190 202 205
3819 1 191 203 206
3820 1 192 204 207
3821 1 193 205 208
3822 1 194 206 209
3823 1 195 207 210
3824 1 190 205 208
3825 1 191 206 209
3826 1 192 207 210
3827 1 190 194 198
3828 1 191 195 199
3829 1 192 196 200
3830 1 193 197 201
3831 1 194 198 202
3832 1 195 199 203
3833 1 196 200 204
3834 1 197 201 205
3835 1 198 202 206
3836 1 199 203 207
3837 1 200 204 208
3838 1 201 205 209
3839 1 202 206 210
3840 1 190 198 202
3841 1 191 199 203
3842 1 192 200 204
3843 1 193 201 205
3844 1 194 202 206
3845 1 195 203 207
3846 1 196 204 208
3847 1 197 205 209
3848 1 198 206 210
3849 1 190 202 206
3850 1 191 203 207
3851 1 192 204 208
3852 1 193 205 209
3853 1 194 206 210
3854 1 190 206 210
3855 1 190 195 200
3856 1 191 196 201
3857 1 192 197 202
3858 1 193 198 203
3859 1 194 199 204
3860 1 195 200 205
3861 1 196 201 206
3862 1 197 202 207
3863 1 198 203 208
3864 1 199 204 209
3865 1 200 205 210
3866 1 190 200 205
3867 1 191 201 206
3868 1 192 202 207
3869 1 193 203 208
3870 1 194 204 209
3871 1 195 205 210
3872 1 190 205 210
3873 1 190 196 202
3874 1 191 197 203
3875 1 192 198 204
3876 1 193 199 205
3877 1 194 200 206
3878 1 195 201 207
3879 1 196 202 208
3880 1 197 203 209
3881 1 198 204 210
3882 1 190 202 208
3883 1 191 203 209
3884 1 192 204 210
3885 1 190 197 204
3886 1 191 198 205
3887 1 192 199 206
3888 1 193 200 207
3889 1 194 201 208
3890 1 195 202 209
3891 1 196 203 210
3892 1 190 198 206
3893 1 191 199 207
3894 1 192 200 208
3895 1 193 201 209
3896 1 194 202 210
3897 1 190 199 208
3898 1 191 200 209
3899 1 192 201 210
3900 1 190 200 210
3901 1 211 212 213
3902 1 212 213 214
3903 1 213 214 215
3904 1 214 215 216
3905 1 215 216 217
3906 1 216 217 218
3907 1 217 218 219
3908 1 218 219 220
3909 1 219 220 221
3910 1 220 221 222
3911 1 221 222 223
3912 1 222 223 224
3913 1 223 224 225
3914 1 224 225 226
3915 1 225 226 227
3916 1 226 227 228
3917 1 227 228 229
3918 1 228 229 230
3919 1 229 230 231
3920 1 211 213 214
3921 1 212 214 215
3922 1 213 215 216
3923 1 214 216 217
3924 1 215 217 218
3925 1 216 218 219
3926 1 217 219 220
3927 1 218 220 221
3928 1 219 221 222
3929 1 220 222 223
3930 1 221 223 224
3931 1 222 224 225
3932 1 223 225 226
3933 1 224 226 227
3934 1 225 227 228
3935 1 226 228 229
3936 1 227 229 230
3937 1 228 230 231
3938 1 211 214 215
3939 1 212 215 216
3940 1 213 216 217
3941 1 214 217 218
3942 1 215 218 219
3943 1 216 219 220
3944 1 217 220 221
3945 1 218 221 222
3946 1 219 222 223
3947 1 220 223 224
3948 1 221 224 225
3949 1 222 225 226
3950 1 223 226 227
3951 1 224 227 228
3952 1 225 228 229
3953 1 226 229 230
3954 1 227 230 231
3955 1 211 215 216
3956 1 212 216 217
3957 1 213 217 218
3958 1 214 218 219
3959 1 215 219 220
3960 1 216 220 221
3961 1 217 221 222
3962 1 218 222 223
3963 1 219 223 224
3964 1 220 224 225
3965 1 221 225 226
3966 1 222 226 227
3967 1 223 227 228
3968 1 224 228 229
3969 1 225 229 230
3970 1 226 230 231
3971 1 211 216 217
3972 1 212 217 218
3973 1 213 218 219
3974 1 214 219 220
3975 1 215 220 221
3976 1 216 221 222
3977 1 217 222 223
3978 1 218 223 224
3979 1 219 224 225
3980 1 220 225 226
3981 1 221 226 227
3982 1 222 227 228
3983 1 223 228 229
3984 1 224 229 230
3985 1 225 230 231
3986 1 211 217 218
3987 1 212 218 219
3988 1 213 219 220
3989 1 214 220 221
3990 1 215 221 222
3991 1 216 222 223
3992 1 217 223 224
3993 1 218 224 225
3994 1 219 225 226
3995 1 220 226 227
3996 1 221 227 228
3997 1 222 228 229
3998 1 223 229 230
3999 1 224 230 231
4000 1 211 218 219
4001 1 212 219 220
4002 1 213 220 221
4003 1 214 221 222
4004 1 215 222 223
4005 1 216 223 224
4006 1 217 224 225
4007 1 218 225 226
4008 1 219 226 227
4009 1 220 227 228
4010 1 221 228 229
4011 1 222 229 230
4012 1 223 230 231
4013 1 211 219 220
4014 1 212 220 221
4015 1 213 221 222
4016 1 214 222 223
4017 1 215 223 224
4018 1 216 224 225
4019 1 217 225 226
4020 1 218 226 227
4021 1 219 227 228
4022 1 220 228 229
4023 1 221 229 230
4024 1 222 230 231
4025 1 211 220 221
4026 1 212 221 222
4027 1 213 222 223
4028 1 214 223 224
4029 1 215 224 225
4030 1 216 225 226
4031 1 217 226 227
4032 1 218 227 228
4033 1 219 228 229
4034 1 220 229 230
4035 1 221 230 231
4036 1 211 221 222
4037 1 212 222 223
4038 1 213 223 224
4039 1 214 224 225
4040 1 215 225 226
4041 1 216 226 227
4042 1 217 227 228
4043 1 218 228 229
4044 1 219 229 230
4045 1 220 230 231
4046 1 211 222 223
4047 1 212 223 224
4048 1 213 224 225
4049 1 214 225 226
4050 1 215 226 227
4051 1 216 227 228
4052 1 217 228 229
4053 1 218 229 230
4054 1 219 230 231
4055 1 211 223 224
4056 1 212 224 225
4057 1 213 225 226
4058 1 214 226 227
4059 1 215 227 228
4060 1 216 228 229
4061 1 217 229 230
4062 1 218 230 231
4063 1 211 224 225
4064 1 212 225 226
4065 1 213 226 227
4066 1 214 227 228
4067 1 215 228 229
4068 1 216 229 230
4069 1 217 230 231
4070 1 211 225 226
4071 1 212 226 227
4072 1 213 227 228
4073 1 214 228 229
4074 1 215 229 230
4075 1 216 230 231
4076 1 211 226 227
4077 1 212 227 228
4078 1 213 228 229
4079 1 214 229 230
4080 1 215 230 231
4081 1 211 227 228
4082 1 212 228 229
4083 1 213 229 230
4084 1 214 230 231
4085 1 211 228 229
4086 1 212 229 230
4087 1 213 230 231
4088 1 211 229 230
4089 1 212 230 231
4090 1 211 230 231
4091 1 211 213 215
4092 1 212 214 216
4093 1 213 215 217
4094 1 214 216 218
4095 1 215 217 219
4096 1 216 218 220
4097 1 217 219 221
4098 1 218 220 222
4099 1 219 221 223
4100 1 220 222 224
4101 1 221 223 225
4102 1 222 224 226
4103 1 223 225 227
4104 1 224 226 228
4105 1 225 227 229
4106 1 226 228 230
4107 1 227 229 231
4108 1 211 215 217
4109 1 212 216 218
4110 1 213 217 219
4111 1 214 218 220
4112 1 215 219 221
4113 1 216 220 222
4114 1 217 221 223
4115 1 218 222 224
4116 1 219 223 225
4117 1 220 224 226
4118 1 221 225 227
4119 1 222 226 228
4120 1 223 227 229
4121 1 224 228 230
4122 1 225 229 231
4123 1 211 217 219
4124 1 212 218 220
4125 1 213 219 221
4126 1 214 220 222
4127 1 215 221 223
4128 1 216 222 224
4129 1 217 223 225
4130 1 218 224 226
4131 1 219 225 227
4132 1 220 226 228
4133 1 221 227 229
4134 1 222 228 230
4135 1 223 229 231
4136 1 211 219 221
4137 1 212 220 222
4138 1 213 221 223
4139 1 214 222 224
4140 1 215 223 225
4141 1 216 224 226
4142 1 217 225 227
4143 1 218 226 228
4144 1 219 227 229
4145 1 220 228 230
4146 1 221 229 231
4147 1 211 221 223
4148 1 212 222 224
4149 1 213 223 225
4150 1 214 224 226
4151 1 215 225 227
4152 1 216 226 228
4153 1 217 227 229
4154 1 218 228 230
4155 1 219 229 231
4156 1 211 223 225
4157 1 212 224 226
4158 1 213 225 227
4159 1 214 226 228
4160 1 215 227 229
4161 1 216 228 230
4162 1 217 229 231
4163 1 211 225 227
4164 1 212 226 228
4165 1 213 227 229
4166 1 214 228 230
4167 1 215 229 231
4168 1 211 227 229
4169 1 212 228 230
4170 1 213 229 231
4171 1 211 229 231
4172 1 211 214 217
4173 1 212 215 218
4174 1 213 216 219
4175 1 214 217 220
4176 1 215 218 221
4177 1 216 219 222
4178 1 217 220 223
4179 1 218 221 224
4180 1 219 222 225
4181 1 220 223 226
4182 1 221 224 227
4183 1 222 225 228
4184 1 223 226 229
4185 1 224 227 230
4186 1 225 228 231
4187 1 211 217 220
4188 1 212 218 221
4189 1 213 219 222
4190 1 214 220 223
4191 1 215 221 224
4192 1 216 222 225
4193 1 217 223 226
4194 1 218 224 227
4195 1 219 225 228
4196 1 220 226 229
4197 1 221 227 230
4198 1 222 228 231
4199 1 211 220 223
4200 1 212 221 224
4201 1 213 222 225
4202 1 214 223 226
4203 1 215 224 227
4204 1 216 225 228
4205 1 217 226 229
4206 1 218 227 230
4207 1 219 228 231
4208 1 211 223 226
4209 1 212 224 227
4210 1 213 225 228
4211 1 214 226 229
4212 1 215 227 230
4213 1 216 228 231
4214 1 211 226 229
4215 1 212 227 230
4216 1 213 228 231
4217 1 211 215 219
4218 1 212 216 220
4219 1 213 217 221
4220 1 214 218 222
4221 1 215 219 223
4222 1 216 220 224
4223 1 217 221 225
4224 1 218 222 226
4225 1 219 223 227
4226 1 220 224 228
4227 1 221 225 229
4228 1 222 226 230
4229 1 223 227 231
4230 1 211 219 223
4231 1 212 220 224
4232 1 213 221 225
4233 1 214 222 226
4234 1 215 223 227
4235 1 216 224 228
4236 1 217 225 229
4237 1 218 226 230
4238 1 219 227 231
4239 1 211 223 227
4240 1 212 224 228
4241 1 213 225 229
4242 1 214 226 230
4243 1 215 227 231
4244 1 211 227 231
4245 1 211 216 221
4246 1 212 217 222
4247 1 213 218 223
4248 1 214 219 224
4249 1 215 220 225
4250 1 216 221 226
4251 1 217 222 227
4252 1 218 223 228
4253 1 219 224 229
4254 1 220 225 230
4255 1 221 226 231
4256 1 211 221 226
4257 1 212 222 227
4258 1 213 223 228
4259 1 214 224 229
4260 1 215 225 230
4261 1 216 226 231
4262 1 211 226 231
4263 1 211 217 223
4264 1 212 218 224
4265 1 213 219 225
4266 1 214 220 226
4267 1 215 221 227
4268 1 216 222 228
4269 1 217 223 229
4270 1 218 224 230
4271 1 219 225 231
4272 1 211 223 229
4273 1 212 224 230
4274 1 213 225 231
4275 1 211 218 225
4276 1 212 219 226
4277 1 213 220 227
4278 1 214 221 228
4279 1 215 222 229
4280 1 216 223 230
4281 1 217 224 231
4282 1 211 219 227
4283 1 212 220 228
4284 1 213 221 229
4285 1 214 222 230
4286 1 215 223 231
4287 1 211 220 229
4288 1 212 221 230
4289 1 213 222 231
4290 1 211 221 231
