<No. of experiment>
<A(x,y,z) M(x,y,z) N(x,y,z) B(x,y,z) coordinates of array>
<Electric potential difference reaction in %>
----------------------------------------------------------
4290
50 100 0 100 100 0 150 100 0 1e+300 100 0
73.3593%
----------------------------------------------------------
5000
!!! UNKNOWN ARRAY COORDINATES !!!
33.818%
----------------------------------------------------------
56
55 50 0 75 50 0 80 50 0 1e+300 50 0
27.693%
----------------------------------------------------------
57
60 50 0 80 50 0 85 50 0 1e+300 50 0
44.1252%
----------------------------------------------------------
58
65 50 0 85 50 0 90 50 0 1e+300 50 0
1.19627%
----------------------------------------------------------
59
70 50 0 90 50 0 95 50 0 1e+300 50 0
26.8485%
----------------------------------------------------------
60
75 50 0 95 50 0 100 50 0 1e+300 50 0
1.17273%
----------------------------------------------------------
61
80 50 0 100 50 0 105 50 0 1e+300 50 0
1.19041%
----------------------------------------------------------
62
85 50 0 105 50 0 110 50 0 1e+300 50 0
41.1377%
----------------------------------------------------------
63
90 50 0 110 50 0 115 50 0 1e+300 50 0
44.0395%
----------------------------------------------------------
64
95 50 0 115 50 0 120 50 0 1e+300 50 0
1.1335%
----------------------------------------------------------
65
100 50 0 120 50 0 125 50 0 1e+300 50 0
8.61623%
----------------------------------------------------------
66
105 50 0 125 50 0 130 50 0 1e+300 50 0
0.407377%
----------------------------------------------------------
67
110 50 0 130 50 0 135 50 0 1e+300 50 0
10.9333%
----------------------------------------------------------
68
115 50 0 135 50 0 140 50 0 1e+300 50 0
11.7093%
----------------------------------------------------------
69
120 50 0 140 50 0 145 50 0 1e+300 50 0
24.6307%
----------------------------------------------------------
70
125 50 0 145 50 0 150 50 0 1e+300 50 0
11.8297%
----------------------------------------------------------
71
50 50 0 75 50 0 80 50 0 1e+300 50 0
1.19757%
----------------------------------------------------------
72
55 50 0 80 50 0 85 50 0 1e+300 50 0
11.7347%
----------------------------------------------------------
73
60 50 0 85 50 0 90 50 0 1e+300 50 0
5.09994%
----------------------------------------------------------
74
65 50 0 90 50 0 95 50 0 1e+300 50 0
2.60545%
----------------------------------------------------------
75
70 50 0 95 50 0 100 50 0 1e+300 50 0
3.95389%
----------------------------------------------------------
76
75 50 0 100 50 0 105 50 0 1e+300 50 0
27.3115%
----------------------------------------------------------
77
80 50 0 105 50 0 110 50 0 1e+300 50 0
41.2441%
----------------------------------------------------------
78
85 50 0 110 50 0 115 50 0 1e+300 50 0
1.12601%
----------------------------------------------------------
79
90 50 0 115 50 0 120 50 0 1e+300 50 0
1.15717%
----------------------------------------------------------
80
95 50 0 120 50 0 125 50 0 1e+300 50 0
1.09161%
----------------------------------------------------------
81
100 50 0 125 50 0 130 50 0 1e+300 50 0
3.6692%
----------------------------------------------------------
82
105 50 0 130 50 0 135 50 0 1e+300 50 0
0.210638%
----------------------------------------------------------
83
110 50 0 135 50 0 140 50 0 1e+300 50 0
1.10163%
----------------------------------------------------------
84
115 50 0 140 50 0 145 50 0 1e+300 50 0
3.30549%
----------------------------------------------------------
85
120 50 0 145 50 0 150 50 0 1e+300 50 0
6.87322%
----------------------------------------------------------
86
50 50 0 80 50 0 85 50 0 1e+300 50 0
12.1338%
----------------------------------------------------------
87
55 50 0 85 50 0 90 50 0 1e+300 50 0
27.8821%
----------------------------------------------------------
88
60 50 0 90 50 0 95 50 0 1e+300 50 0
12.2961%
----------------------------------------------------------
89
65 50 0 95 50 0 100 50 0 1e+300 50 0
10.7525%
----------------------------------------------------------
90
70 50 0 100 50 0 105 50 0 1e+300 50 0
26.7459%
----------------------------------------------------------
91
75 50 0 105 50 0 110 50 0 1e+300 50 0
11.7606%
----------------------------------------------------------
92
80 50 0 110 50 0 115 50 0 1e+300 50 0
5.70531%
----------------------------------------------------------
93
85 50 0 115 50 0 120 50 0 1e+300 50 0
1.21042%
----------------------------------------------------------
94
90 50 0 120 50 0 125 50 0 1e+300 50 0
7.79488%
----------------------------------------------------------
95
95 50 0 125 50 0 130 50 0 1e+300 50 0
0.118151%
----------------------------------------------------------
96
100 50 0 130 50 0 135 50 0 1e+300 50 0
11.9731%
----------------------------------------------------------
97
105 50 0 135 50 0 140 50 0 1e+300 50 0
26.2054%
----------------------------------------------------------
98
110 50 0 140 50 0 145 50 0 1e+300 50 0
2.82504%
----------------------------------------------------------
99
115 50 0 145 50 0 150 50 0 1e+300 50 0
0%
----------------------------------------------------------
All electric potential difference reactions from biggest to smallest:
73.3593% 44.1252% 44.0395% 41.2441% 41.1377% 33.818% 27.8821% 27.693% 27.3115% 26.8485% 26.7459% 26.2054% 24.6307% 12.2961% 12.1338% 11.9731% 11.8297% 11.7606% 11.7347% 11.7093% 10.9333% 10.7525% 8.61623% 7.79488% 6.87322% 5.70531% 5.09994% 3.95389% 3.6692% 3.30549% 2.82504% 2.60545% 1.21042% 1.19757% 1.19627% 1.19041% 1.17273% 1.15717% 1.1335% 1.12601% 1.10163% 1.09161% 0.407377% 0.210638% 0.118151% 0% 
